観測所番号,都道府県,地点,国際地点番号,現在時刻(年),現在時刻(月),現在時刻(日),現在時刻(時),現在時刻(分),5日の最高気温(℃),5日の最高気温の品質情報,5日の最高気温起時（時）,5日の最高気温起時（分）,5日の最高気温起時の品質情報,平年差（℃）,前日差（℃）,該当旬（月）,該当旬（旬）,極値更新,10年未満での極値更新,今年最高,今年の最高気温（℃)（4日まで）,今年の最高気温（4日まで）の品質情報,今年の最高気温（4日まで）を観測した起日（年）,今年の最高気温（4日まで）を観測した起日（月）,今年の最高気温（4日まで）を観測した起日（日）,4日までの観測史上1位の値（℃）,4日までの観測史上1位の値の品質情報,4日までの観測史上1位の値を観測した起日（年）,4日までの観測史上1位の値を観測した起日（月）,4日までの観測史上1位の値を観測した起日（日）,4日までの2月の1位の値,4日までの2月の1位の値の品質情報,4日までの2月の1位の値の起日（年）,4日までの2月の1位の値の起日（月）,4日までの2月の1位の値の起日（日）,統計開始年,date
11001,北海道宗谷地方,宗谷岬（ソウヤミサキ）,,2025,2,5,14,0,-0.6,4,13.0,0.0,4.0,2.5,0.3,3.0,1.0,,,0.0,2.9,4,2025,1,19,31.9,8,2000,8,1,9.8,8,2024,2,19,1978,2025-02-05
11016,北海道宗谷地方,稚内（ワッカナイ）,47401.0,2025,2,5,14,0,0.4,4,11.0,35.0,4.0,3.2,0.7,3.0,1.0,,,0.0,4.3,4,2025,1,19,32.7,8,2021,7,29,10.6,8,2024,2,19,1938,2025-02-05
11046,北海道宗谷地方,礼文（レブン）,,2025,2,5,14,0,1.1,4,3.0,41.0,4.0,4.1,0.5,3.0,2.0,,,0.0,4.5,4,2025,1,19,30.5,8,2022,7,31,8.1,8,2024,2,19,2003,2025-02-05
11061,北海道宗谷地方,声問（コエトイ）,,2025,2,5,14,0,0.2,4,13.0,45.0,4.0,3.4,1.4,3.0,1.0,,,0.0,3.1,4,2025,1,19,33.3,8,2021,7,29,9.4,8,2024,2,19,2003,2025-02-05
11076,北海道宗谷地方,浜鬼志別（ハマオニシベツ）,,2025,2,5,14,0,0.2,4,13.0,59.0,4.0,3.8,0.9,3.0,2.0,,,0.0,1.3,4,2025,1,20,32.7,8,2000,7,31,12.0,8,2024,2,19,1978,2025-02-05
11091,北海道宗谷地方,本泊（モトドマリ）,,2025,2,5,14,0,0.7,4,5.0,53.0,4.0,3.6,0.7,3.0,1.0,,,0.0,4.1,4,2025,1,19,31.8,8,2021,8,7,9.0,8,2010,2,25,2003,2025-02-05
11121,北海道宗谷地方,沼川（ヌマカワ）,,2025,2,5,14,0,1.3,4,13.0,28.0,4.0,4.8,2.3,3.0,2.0,,,0.0,2.8,4,2025,1,19,32.4,8,2021,7,29,9.7,8,2010,2,25,1977,2025-02-05
11151,北海道宗谷地方,沓形（クツガタ）,,2025,2,5,14,0,1.9,4,11.0,2.0,4.0,4.1,-0.1,3.0,2.0,,,0.0,4.7,4,2025,1,19,32.5,8,1989,8,7,8.0,8,2024,2,19,1977,2025-02-05
11176,北海道宗谷地方,豊富（トヨトミ）,,2025,2,5,14,0,2.2,4,13.0,49.0,4.0,5.4,2.6,3.0,2.0,,,0.0,3.7,4,2025,1,19,33.1,8,2000,8,1,9.6,8,2010,2,25,1977,2025-02-05
11206,北海道宗谷地方,浜頓別（ハマトンベツ）,,2025,2,5,14,0,1.6,4,14.0,0.0,4.0,5.2,2.7,3.0,2.0,,,0.0,2.3,4,2025,1,23,33.6,4,1989,7,27,11.9,8,2024,2,19,1977,2025-02-05
11276,北海道宗谷地方,中頓別（ナカトンベツ）,,2025,2,5,14,0,2.3,4,12.0,48.0,4.0,5.8,2.1,3.0,2.0,,,0.0,2.6,4,2025,1,23,35.8,8,2021,8,7,11.9,8,2024,2,19,1977,2025-02-05
11291,北海道宗谷地方,北見枝幸（キタミエサシ）,47402.0,2025,2,5,14,0,2.2,4,13.0,43.0,4.0,5.4,2.9,3.0,2.0,,,0.0,3.5,4,2025,1,20,35.0,8,2000,7,31,12.9,8,2024,2,19,1942,2025-02-05
11316,北海道宗谷地方,歌登（ウタノボリ）,,2025,2,5,14,0,1.3,4,13.0,54.0,4.0,4.6,2.2,3.0,2.0,,,0.0,3.7,4,2025,1,20,35.4,8,1989,7,26,12.3,8,2024,2,19,1977,2025-02-05
12011,北海道上川地方,中川（ナカガワ）,,2025,2,5,14,0,2.3,4,12.0,7.0,4.0,5.5,2.0,3.0,2.0,,,0.0,3.1,4,2025,1,23,36.2,8,2021,7,28,12.5,8,2024,2,19,1977,2025-02-05
12041,北海道上川地方,音威子府（オトイネップ）,,2025,2,5,14,0,1.4,4,13.0,51.0,4.0,5.2,1.6,3.0,2.0,,,0.0,3.0,4,2025,1,20,36.6,8,2021,7,28,12.3,8,2024,2,19,1977,2025-02-05
12141,北海道上川地方,美深（ビフカ）,,2025,2,5,14,0,1.1,4,12.0,7.0,4.0,5.0,0.7,3.0,2.0,,,0.0,2.9,4,2025,1,20,36.6,8,2021,7,28,11.9,8,2024,2,19,1977,2025-02-05
12181,北海道上川地方,名寄（ナヨロ）,,2025,2,5,14,0,-0.2,4,12.0,28.0,4.0,3.7,-1.1,3.0,1.0,,,0.0,3.0,4,2025,1,20,36.4,8,2021,7,28,11.9,8,2024,2,19,1976,2025-02-05
12231,北海道上川地方,下川（シモカワ）,,2025,2,5,14,0,-0.4,4,13.0,49.0,4.0,3.4,0.3,3.0,1.0,,,0.0,3.6,4,2025,1,20,37.3,8,2021,7,28,13.6,8,2024,2,19,1977,2025-02-05
12261,北海道上川地方,士別（シベツ）,,2025,2,5,14,0,-0.3,4,13.0,28.0,4.0,3.8,-1.8,3.0,1.0,,,0.0,4.0,4,2025,1,20,37.0,8,2021,8,7,11.8,8,2024,2,19,1977,2025-02-05
12266,北海道上川地方,朝日（アサヒ）,,2025,2,5,14,0,-0.5,4,10.0,31.0,4.0,3.3,-0.9,3.0,1.0,,,0.0,3.1,4,2025,1,20,37.2,8,2021,8,7,14.6,8,2024,2,19,1977,2025-02-05
12301,北海道上川地方,和寒（ワッサム）,,2025,2,5,14,0,-0.4,4,10.0,44.0,4.0,3.5,-3.5,3.0,1.0,,,0.0,3.9,4,2025,1,20,36.8,8,2021,8,7,13.7,8,2024,2,19,1977,2025-02-05
12386,北海道上川地方,江丹別（エタンベツ）,,2025,2,5,14,0,-0.7,4,13.0,52.0,4.0,2.7,-4.0,2.0,3.0,,,0.0,3.4,4,2025,1,20,38.4,8,2021,7,31,11.5,8,2024,2,19,1977,2025-02-05
12396,北海道上川地方,比布（ピップ）,,2025,2,5,14,0,-1.6,4,14.0,0.0,4.0,2.2,-4.0,2.0,3.0,,,0.0,3.7,4,2025,1,20,36.9,8,2021,8,7,11.1,8,2010,2,25,1977,2025-02-05
12411,北海道上川地方,上川（カミカワ）,,2025,2,5,14,0,-2.4,4,10.0,38.0,4.0,1.9,-2.2,2.0,3.0,,,0.0,2.8,4,2025,1,24,35.1,8,2021,8,7,12.9,8,2024,2,19,1977,2025-02-05
12442,北海道上川地方,旭川（アサヒカワ）,47407.0,2025,2,5,14,0,-0.3,4,13.0,25.0,4.0,2.6,-4.2,2.0,3.0,,,0.0,4.3,4,2025,1,25,37.9,8,2021,8,7,13.8,8,2024,2,19,1888,2025-02-05
12451,北海道上川地方,東川（ヒガシカワ）,,2025,2,5,14,0,-0.6,4,12.0,0.0,4.0,3.3,-3.2,3.0,1.0,,,0.0,2.7,4,2025,1,25,37.0,8,2021,8,6,14.2,8,2024,2,19,1977,2025-02-05
12501,北海道上川地方,東神楽（ヒガシカグラ）,,2025,2,5,14,0,-1.7,4,12.0,0.0,4.0,2.1,-3.6,2.0,2.0,,,0.0,2.9,4,2025,1,25,36.1,8,2021,8,7,11.3,8,2024,2,19,2003,2025-02-05
12512,北海道上川地方,志比内（シビナイ）,,2025,2,5,14,0,-1.3,4,11.0,2.0,4.0,3.0,-3.6,2.0,3.0,,,0.0,3.8,4,2025,1,25,35.3,8,2021,8,7,13.5,8,2024,2,19,1993,2025-02-05
12551,北海道上川地方,美瑛（ビエイ）,,2025,2,5,14,0,-1.8,4,11.0,57.0,4.0,2.0,-3.6,2.0,3.0,,,0.0,3.9,4,2025,1,20,37.1,8,2021,8,7,12.4,8,2024,2,19,1977,2025-02-05
12596,北海道上川地方,上富良野（カミフラノ）,,2025,2,5,14,0,-0.5,4,11.0,54.0,4.0,2.9,-3.1,2.0,3.0,,,0.0,3.6,4,2025,1,20,37.5,8,2021,8,7,12.8,8,2024,2,19,1977,2025-02-05
12626,北海道上川地方,富良野（フラノ）,,2025,2,5,14,0,-0.5,4,12.0,58.0,4.0,3.0,-1.4,2.0,3.0,,,0.0,3.0,4,2025,1,20,38.5,8,2021,8,7,13.3,8,2010,2,25,1976,2025-02-05
12632,北海道上川地方,麓郷（ロクゴウ）,,2025,2,5,14,0,-1.7,4,12.0,58.0,4.0,2.0,-2.4,2.0,3.0,,,0.0,3.8,4,2025,1,24,37.4,8,2021,8,7,13.4,8,2024,2,19,1978,2025-02-05
12691,北海道上川地方,幾寅（イクトラ）,,2025,2,5,14,0,-2.0,4,11.0,55.0,4.0,1.7,-1.4,2.0,2.0,,,0.0,4.0,4,2025,1,20,34.9,8,2023,8,24,12.6,8,2024,2,19,1977,2025-02-05
12746,北海道上川地方,占冠（シムカップ）,,2025,2,5,14,0,-3.2,4,12.0,36.0,4.0,0.1,-4.0,2.0,1.0,,,0.0,4.2,4,2025,1,20,34.6,8,2021,7,19,12.4,8,2010,2,25,1977,2025-02-05
15041,北海道上川地方,朱鞠内（シュマリナイ）,,2025,2,5,14,0,-1.4,4,11.0,3.0,4.0,3.0,-0.6,3.0,1.0,,,0.0,2.9,4,2025,1,20,34.9,8,2021,7,28,12.9,8,2024,2,19,1978,2025-02-05
15076,北海道上川地方,幌加内（ホロカナイ）,,2025,2,5,14,0,-1.9,4,11.0,45.0,4.0,1.9,-3.9,2.0,3.0,,,0.0,3.6,4,2025,1,20,37.3,8,2021,7,28,9.7,8,2024,2,19,1977,2025-02-05
13061,北海道留萌地方,天塩（テシオ）,,2025,2,5,14,0,1.0,4,12.0,13.0,4.0,3.6,0.4,3.0,2.0,,,0.0,4.3,4,2025,1,19,33.8,4,2021,7,27,8.5,8,2024,2,19,1977,2025-02-05
13086,北海道留萌地方,遠別（エンベツ）,,2025,2,5,14,0,1.7,4,11.0,56.0,4.0,4.1,-0.3,3.0,2.0,,,0.0,3.8,4,2025,1,22,34.2,8,1979,8,18,12.2,8,2010,2,25,1977,2025-02-05
13121,北海道留萌地方,初山別（ショサンベツ）,,2025,2,5,14,0,0.6,4,11.0,2.0,4.0,2.4,-1.6,3.0,1.0,,,0.0,4.7,4,2025,1,22,33.8,8,2021,8,1,11.5,8,2024,2,19,1977,2025-02-05
13146,北海道留萌地方,焼尻（ヤギシリ）,,2025,2,5,14,0,1.7,4,0.0,39.0,4.0,3.3,-1.7,3.0,2.0,,,0.0,4.8,4,2025,1,19,32.4,8,2023,8,24,9.3,8,2024,2,19,1977,2025-02-05
13181,北海道留萌地方,羽幌（ハボロ）,47404.0,2025,2,5,14,0,0.4,4,10.0,14.0,4.0,1.9,-2.7,2.0,3.0,,,0.0,4.1,4,2025,1,20,34.4,8,2021,8,1,12.4,8,2024,2,19,1921,2025-02-05
13261,北海道留萌地方,達布（タップ）,,2025,2,5,14,0,-0.2,4,13.0,17.0,4.0,1.9,-2.7,2.0,3.0,,,0.0,4.4,4,2025,1,24,38.7,8,2021,8,7,12.0,8,2024,2,19,1977,2025-02-05
13277,北海道留萌地方,留萌（ルモイ）,47406.0,2025,2,5,14,0,-0.5,4,13.0,53.0,4.0,0.7,-3.2,2.0,2.0,,,0.0,4.3,4,2025,1,20,35.6,8,2021,8,1,14.0,8,2024,2,19,1943,2025-02-05
13311,北海道留萌地方,増毛（マシケ）,,2025,2,5,14,0,0.0,4,0.0,32.0,4.0,0.9,-3.8,2.0,2.0,,,0.0,5.7,4,2025,1,19,34.2,8,2021,8,1,15.3,8,2024,2,19,1978,2025-02-05
13321,北海道留萌地方,幌糠（ホロヌカ）,,2025,2,5,14,0,-0.6,4,13.0,9.0,4.0,1.6,-3.3,2.0,3.0,,,0.0,3.9,4,2025,1,25,35.9,8,2021,8,7,12.4,8,2024,2,19,1977,2025-02-05
14026,北海道石狩地方,浜益（ハママス）,,2025,2,5,14,0,0.5,4,12.0,41.0,4.0,1.1,-2.9,2.0,2.0,,,0.0,4.3,4,2025,1,25,34.6,8,1989,8,7,11.8,8,2024,2,19,1977,2025-02-05
14071,北海道石狩地方,厚田（アツタ）,,2025,2,5,14,0,0.3,4,13.0,42.0,4.0,1.0,-4.3,2.0,2.0,,,0.0,5.4,4,2025,1,25,36.1,8,2021,7,28,11.6,8,2023,2,28,1977,2025-02-05
14101,北海道石狩地方,新篠津（シンシノツ）,,2025,2,5,14,0,-0.2,4,13.0,46.0,4.0,2.0,-4.5,2.0,3.0,,,0.0,4.3,4,2025,2,4,35.5,8,2023,8,25,9.7,8,2024,2,19,1978,2025-02-05
14116,北海道石狩地方,山口（ヤマグチ）,,2025,2,5,14,0,0.6,4,14.0,0.0,4.0,1.2,-4.2,2.0,2.0,,,0.0,4.9,4,2025,1,20,37.1,8,2021,7,28,11.8,8,2023,2,28,1977,2025-02-05
14121,北海道石狩地方,石狩（イシカリ）,,2025,2,5,14,0,1.6,4,11.0,50.0,4.0,2.8,-3.0,3.0,1.0,,,0.0,4.6,4,2025,2,4,35.4,8,2021,7,28,11.6,8,2023,2,28,1990,2025-02-05
14136,北海道石狩地方,江別（エベツ）,,2025,2,5,14,0,0.5,4,12.0,7.0,4.0,2.5,-3.4,3.0,1.0,,,0.0,4.7,4,2025,1,20,35.6,8,2021,7,31,10.0,8,2024,2,13,2000,2025-02-05
14163,北海道石狩地方,札幌（サッポロ）,47412.0,2025,2,5,14,0,1.8,4,11.0,49.0,4.0,2.2,-3.2,2.0,3.0,,,0.0,5.4,4,2025,1,20,36.3,8,2023,8,23,13.9,8,2024,2,19,1876,2025-02-05
14206,北海道石狩地方,恵庭島松（エニワシママツ）,,2025,2,5,14,0,0.6,4,13.0,22.0,4.0,2.2,-3.8,2.0,3.0,,,0.0,5.3,4,2025,1,6,34.3,8,1999,8,8,10.6,8,2024,2,14,1977,2025-02-05
14286,北海道石狩地方,支笏湖畔（シコツコハン）,,2025,2,5,14,0,-1.4,4,13.0,12.0,4.0,0.6,-3.4,2.0,2.0,,,0.0,4.7,4,2025,1,20,31.9,8,2007,8,14,12.2,8,2024,2,19,1977,2025-02-05
14296,北海道石狩地方,千歳（チトセ）,,2025,2,5,14,0,0.3,4,11.0,56.0,4.0,1.4,-3.9,2.0,2.0,,,0.0,5.9,4,2025,1,23,34.2,8,2011,8,11,10.1,8,2024,2,14,2003,2025-02-05
15116,北海道空知地方,石狩沼田（イシカリヌマタ）,,2025,2,5,14,0,-1.3,4,11.0,32.0,4.0,1.9,-3.8,2.0,3.0,,,0.0,3.6,4,2025,1,24,36.9,8,2021,8,7,10.9,8,2024,2,19,1976,2025-02-05
15156,北海道空知地方,秩父別（チップベツ）,,2025,2,5,14,0,-1.3,4,14.0,0.0,4.0,,-4.1,,,,,0.0,2.9,4,2025,1,20,35.1,8,2023,8,24,11.6,8,2024,2,19,2022,2025-02-05
15161,北海道空知地方,深川（フカガワ）,,2025,2,5,14,0,-0.5,4,14.0,0.0,4.0,2.6,-3.3,2.0,3.0,,,0.0,3.2,4,2025,1,20,36.1,8,2021,8,6,11.4,8,2024,2,19,1977,2025-02-05
15231,北海道空知地方,空知吉野（ソラチヨシノ）,,2025,2,5,14,0,-0.6,4,12.0,28.0,4.0,1.9,-3.6,2.0,3.0,,,0.0,4.1,4,2025,1,20,36.8,8,2021,8,7,12.8,8,2024,2,19,1978,2025-02-05
15241,北海道空知地方,滝川（タキカワ）,,2025,2,5,14,0,-0.2,4,13.0,58.0,4.0,2.7,-3.7,2.0,3.0,,,0.0,4.3,4,2025,1,20,36.0,8,2021,7,28,10.2,8,2024,2,19,1976,2025-02-05
15251,北海道空知地方,芦別（アシベツ）,,2025,2,5,14,0,-0.1,4,10.0,56.0,4.0,1.6,-2.8,2.0,2.0,,,0.0,5.1,4,2025,1,24,37.2,8,2021,7,31,14.5,8,2024,2,19,1978,2025-02-05
15311,北海道空知地方,月形（ツキガタ）,,2025,2,5,14,0,-0.1,4,13.0,52.0,4.0,1.9,-4.4,2.0,3.0,,,0.0,5.0,4,2025,1,20,36.3,8,2021,7,31,10.1,8,2024,2,19,1977,2025-02-05
15321,北海道空知地方,美唄（ビバイ）,,2025,2,5,14,0,-0.1,4,13.0,38.0,4.0,2.3,-5.0,2.0,3.0,,,0.0,5.2,4,2025,1,20,35.6,8,2021,8,6,11.7,8,2024,2,19,1977,2025-02-05
15356,北海道空知地方,岩見沢（イワミザワ）,47413.0,2025,2,5,14,0,0.3,4,12.0,42.0,4.0,2.2,-4.7,2.0,3.0,,,0.0,5.0,4,2025,2,4,35.7,8,2023,8,25,12.7,8,2024,2,19,1946,2025-02-05
15431,北海道空知地方,長沼（ナガヌマ）,,2025,2,5,14,0,0.5,4,12.0,42.0,4.0,2.4,-3.7,2.0,3.0,,,0.0,4.7,4,2025,1,6,36.3,8,2024,8,12,11.7,8,2024,2,19,1977,2025-02-05
15442,北海道空知地方,夕張（ユウバリ）,,2025,2,5,14,0,-2.4,4,12.0,37.0,4.0,0.3,-4.3,2.0,1.0,,,0.0,4.3,4,2025,1,25,35.0,8,2021,7,28,12.2,8,2024,2,19,1976,2025-02-05
16026,北海道後志地方,美国（ビクニ）,,2025,2,5,14,0,-1.7,4,2.0,27.0,4.0,-0.3,-6.7,99.0,0.0,,,0.0,5.0,4,2025,2,4,35.2,8,2023,8,31,13.7,8,2024,2,19,1977,2025-02-05
16061,北海道後志地方,神恵内（カモエナイ）,,2025,2,5,14,0,0.7,4,0.0,9.0,4.0,0.9,-4.5,2.0,2.0,,,0.0,5.5,4,2025,1,20,33.5,8,2021,7,28,12.5,8,2024,2,19,1977,2025-02-05
16076,北海道後志地方,余市（ヨイチ）,,2025,2,5,14,0,-1.2,4,12.0,30.0,4.0,-0.6,-6.3,99.0,0.0,,,0.0,5.1,4,2025,2,4,34.9,8,1984,8,16,13.8,8,2024,2,19,1977,2025-02-05
16091,北海道後志地方,小樽（オタル）,47411.0,2025,2,5,14,0,-0.4,4,10.0,55.0,4.0,0.2,-6.1,2.0,1.0,,,0.0,5.7,4,2025,2,4,36.2,8,2021,7,28,15.7,8,2024,2,19,1943,2025-02-05
16156,北海道後志地方,共和（キョウワ）,,2025,2,5,14,0,-1.0,4,13.0,38.0,4.0,-0.3,-6.0,99.0,0.0,,,0.0,5.3,4,2025,1,24,35.0,8,2023,8,10,14.9,8,2024,2,19,1977,2025-02-05
16206,北海道後志地方,蘭越（ランコシ）,,2025,2,5,14,0,-1.7,4,11.0,53.0,4.0,-0.9,-6.0,99.0,0.0,,,0.0,5.2,4,2025,1,25,35.4,8,2023,8,23,13.2,8,2024,2,19,1977,2025-02-05
16217,北海道後志地方,倶知安（クッチャン）,47433.0,2025,2,5,14,0,-2.2,4,12.0,12.0,4.0,-0.3,-6.3,1.0,2.0,,,0.0,4.1,4,2025,2,4,34.6,8,2023,8,23,13.1,8,2024,2,19,1944,2025-02-05
16252,北海道後志地方,寿都（スッツ）,47421.0,2025,2,5,14,0,-1.2,4,13.0,20.0,4.0,-0.8,-5.1,99.0,0.0,,,0.0,5.1,4,2025,1,13,34.0,8,1904,8,20,13.7,8,2024,2,19,1884,2025-02-05
16281,北海道後志地方,真狩（マッカリ）,,2025,2,5,14,0,-3.7,4,11.0,35.0,4.0,0.3,-4.9,2.0,1.0,,,0.0,1.9,4,2025,1,20,32.3,8,2021,7,27,10.8,8,2024,2,19,1978,2025-02-05
16286,北海道後志地方,喜茂別（キモベツ）,,2025,2,5,14,0,-1.6,4,12.0,47.0,4.0,1.1,-4.7,2.0,2.0,,,0.0,3.4,4,2025,1,6,34.5,8,2023,8,25,12.9,8,2024,2,19,1977,2025-02-05
16321,北海道後志地方,黒松内（クロマツナイ）,,2025,2,5,14,0,-1.8,4,12.0,44.0,4.0,-1.1,-5.4,99.0,0.0,,,0.0,5.2,4,2025,1,24,34.5,8,2021,7,18,13.1,8,2024,2,19,1977,2025-02-05
17036,北海道網走・北見・紋別地方,雄武（オウム）,47405.0,2025,2,5,14,0,1.9,4,12.0,51.0,4.0,4.8,2.4,3.0,2.0,,,0.0,4.2,4,2025,1,20,35.3,8,2023,8,17,15.1,8,2024,2,19,1942,2025-02-05
17076,北海道網走・北見・紋別地方,興部（オコッペ）,,2025,2,5,14,0,1.7,4,13.0,17.0,4.0,4.5,2.1,3.0,2.0,,,0.0,4.1,4,2025,1,20,34.3,8,1999,8,9,15.1,8,2024,2,19,1977,2025-02-05
17091,北海道網走・北見・紋別地方,西興部（ニシオコッペ）,,2025,2,5,14,0,0.3,4,12.0,43.0,4.0,3.5,1.5,3.0,1.0,,,0.0,3.2,4,2025,1,20,36.4,8,1978,8,3,15.2,8,2024,2,19,1977,2025-02-05
17112,北海道網走・北見・紋別地方,紋別（モンベツ）,47435.0,2025,2,5,14,0,0.0,4,13.0,53.0,4.0,2.8,0.3,3.0,1.0,,,0.0,5.5,4,2025,1,20,37.0,8,2019,5,26,17.1,8,2024,2,19,1956,2025-02-05
17116,北海道網走・北見・紋別地方,紋別小向（モンベツコムカイ）,,2025,2,5,14,0,1.6,4,14.0,0.0,4.0,4.6,2.2,3.0,2.0,,,0.0,4.7,4,2025,1,20,37.2,8,2019,5,26,16.4,8,2024,2,19,2003,2025-02-05
17166,北海道網走・北見・紋別地方,湧別（ユウベツ）,,2025,2,5,14,0,-0.1,4,12.0,22.0,4.0,3.0,0.4,3.0,1.0,,,0.0,5.6,4,2025,1,6,38.5,8,2019,5,26,17.1,8,2024,2,19,1977,2025-02-05
17196,北海道網走・北見・紋別地方,滝上（タキノウエ）,,2025,2,5,14,0,0.7,4,11.0,50.0,4.0,4.0,1.5,3.0,1.0,,,0.0,4.9,4,2025,1,23,37.7,8,1978,8,3,14.8,8,2024,2,19,1977,2025-02-05
17246,北海道網走・北見・紋別地方,常呂（トコロ）,,2025,2,5,14,0,0.3,4,13.0,22.0,4.0,3.3,-0.1,3.0,1.0,,,0.0,5.7,4,2025,1,6,36.9,8,1994,8,7,12.4,8,2024,2,19,1977,2025-02-05
17306,北海道網走・北見・紋別地方,遠軽（エンガル）,,2025,2,5,14,0,0.7,4,13.0,59.0,4.0,3.2,1.7,3.0,1.0,,,0.0,5.4,4,2025,1,6,37.7,8,2019,5,26,16.5,8,2024,2,19,1977,2025-02-05
17316,北海道網走・北見・紋別地方,佐呂間（サロマ）,,2025,2,5,14,0,0.8,4,12.0,58.0,4.0,3.7,1.7,3.0,1.0,,,0.0,5.7,4,2025,1,6,39.5,8,2019,5,26,16.1,8,2024,2,19,1977,2025-02-05
17341,北海道網走・北見・紋別地方,網走（アバシリ）,47409.0,2025,2,5,14,0,1.8,4,13.0,12.0,4.0,4.5,1.8,3.0,2.0,,,0.0,6.2,4,2025,1,6,37.6,8,1994,8,7,14.1,8,2024,2,19,1889,2025-02-05
17351,北海道網走・北見・紋別地方,宇登呂（ウトロ）,,2025,2,5,14,0,1.2,4,12.0,46.0,4.0,4.6,0.6,3.0,2.0,,,0.0,7.1,4,2025,1,6,35.3,8,2020,8,11,15.8,8,2024,2,19,1978,2025-02-05
17482,北海道網走・北見・紋別地方,白滝（シラタキ）,,2025,2,5,14,0,-1.6,4,10.0,28.0,4.0,3.3,1.8,3.0,1.0,,,0.0,1.7,4,2025,1,23,34.1,8,2024,7,21,14.0,8,2010,2,25,1993,2025-02-05
17501,北海道網走・北見・紋別地方,生田原（イクタハラ）,,2025,2,5,14,0,-0.5,4,11.0,59.0,4.0,2.6,0.9,2.0,3.0,,,0.0,5.1,4,2025,1,23,37.0,8,2019,5,26,16.0,8,2024,2,19,1977,2025-02-05
17521,北海道網走・北見・紋別地方,北見（キタミ）,,2025,2,5,14,0,-1.4,4,13.0,41.0,4.0,1.2,-0.3,2.0,2.0,,,0.0,4.2,4,2025,1,6,38.1,8,2019,5,26,13.4,8,2024,2,19,1976,2025-02-05
17531,北海道網走・北見・紋別地方,女満別（メマンベツ）,,2025,2,5,14,0,1.1,4,13.0,36.0,4.0,4.2,0.5,3.0,1.0,,,0.0,5.4,4,2025,1,6,37.7,8,2019,5,26,13.7,8,2024,2,19,2003,2025-02-05
17546,北海道網走・北見・紋別地方,小清水（コシミズ）,,2025,2,5,14,0,1.3,4,12.0,9.0,4.0,4.1,0.3,3.0,1.0,,,0.0,4.9,4,2025,1,6,36.7,8,2019,5,26,14.8,8,2024,2,19,1977,2025-02-05
17561,北海道網走・北見・紋別地方,斜里（シャリ）,,2025,2,5,14,0,1.4,4,13.0,10.0,4.0,4.2,0.7,3.0,2.0,,,0.0,7.1,4,2025,1,6,37.1,8,2023,8,26,13.6,8,2024,2,19,1977,2025-02-05
17596,北海道網走・北見・紋別地方,留辺蘂（ルベシベ）,,2025,2,5,14,0,-0.7,4,13.0,53.0,4.0,3.4,1.7,3.0,1.0,,,0.0,2.8,4,2025,1,23,36.4,8,2019,5,26,14.2,8,2024,2,19,1978,2025-02-05
17607,北海道網走・北見・紋別地方,境野（サカイノ）,,2025,2,5,14,0,-0.3,4,14.0,0.0,4.0,3.0,1.4,3.0,1.0,,,0.0,3.3,4,2025,1,6,37.4,8,2021,7,18,14.1,8,2024,2,19,1977,2025-02-05
17631,北海道網走・北見・紋別地方,美幌（ビホロ）,,2025,2,5,14,0,1.5,4,12.0,50.0,4.0,4.4,0.9,3.0,1.0,,,0.0,6.1,4,2025,1,6,37.4,8,2019,5,26,14.5,8,2024,2,19,1977,2025-02-05
17717,北海道網走・北見・紋別地方,津別（ツベツ）,,2025,2,5,14,0,0.4,4,13.0,11.0,4.0,2.9,1.2,3.0,1.0,,,0.0,6.0,4,2025,1,6,38.0,8,2019,5,26,15.4,8,2024,2,19,1988,2025-02-05
18038,北海道根室地方,羅臼（ラウス）,,2025,2,5,14,0,1.7,4,10.0,54.0,4.0,4.2,0.7,3.0,2.0,,,0.0,7.1,4,2025,1,20,32.7,8,2024,7,23,11.5,8,2024,2,19,2005,2025-02-05
18136,北海道根室地方,標津（シベツ）,,2025,2,5,14,0,0.0,4,13.0,4.0,4.0,2.1,-0.3,2.0,3.0,,,0.0,7.2,4,2025,1,20,35.0,8,2010,8,6,11.7,8,2024,2,19,1977,2025-02-05
18161,北海道根室地方,上標津（カミシベツ）,,2025,2,5,14,0,-0.9,4,14.0,0.0,4.0,2.3,-0.5,2.0,3.0,,,0.0,7.6,4,2025,1,20,35.2,8,2019,5,26,11.5,8,2024,2,14,2003,2025-02-05
18171,北海道根室地方,中標津（ナカシベツ）,,2025,2,5,14,0,-0.1,4,13.0,33.0,4.0,2.0,-0.2,2.0,3.0,,,0.0,7.0,4,2025,1,20,36.5,8,2019,5,26,12.3,8,2024,2,14,1977,2025-02-05
18174,北海道根室地方,根室中標津（ネムロナカシベツ）,,2025,2,5,14,0,-0.1,4,13.0,33.0,4.0,2.3,-0.1,3.0,1.0,,,0.0,6.5,4,2025,1,20,36.8,8,2019,5,26,11.0,8,2024,2,14,2003,2025-02-05
18256,北海道根室地方,別海（ベツカイ）,,2025,2,5,14,0,0.8,4,12.0,48.0,4.0,2.4,0.5,3.0,1.0,,,0.0,8.4,4,2025,1,20,36.6,8,2019,5,26,12.8,8,2024,2,19,1977,2025-02-05
18273,北海道根室地方,根室（ネムロ）,47420.0,2025,2,5,14,0,1.1,4,12.0,2.0,4.0,2.8,-0.6,3.0,1.0,,,0.0,7.2,4,2025,1,6,34.0,8,2019,5,26,11.8,8,2024,2,19,1879,2025-02-05
18281,北海道根室地方,納沙布（ノサップ）,,2025,2,5,14,0,0.8,4,13.0,16.0,4.0,2.4,-0.6,3.0,1.0,,,0.0,8.3,4,2025,1,20,33.5,8,2020,8,11,10.9,8,2024,2,14,1977,2025-02-05
18311,北海道根室地方,厚床（アットコ）,,2025,2,5,14,0,0.0,4,11.0,50.0,4.0,1.7,-0.6,2.0,3.0,,,0.0,7.6,4,2025,1,20,34.9,8,2015,8,5,11.4,8,2024,2,14,1977,2025-02-05
19021,北海道釧路地方,川湯（カワユ）,,2025,2,5,14,0,0.4,4,13.0,27.0,4.0,3.6,-0.4,3.0,1.0,,,0.0,5.6,4,2025,1,20,36.0,8,2019,5,26,13.0,8,2024,2,19,1977,2025-02-05
19051,北海道釧路地方,弟子屈（テシカガ）,,2025,2,5,14,0,-0.3,4,13.0,49.0,4.0,3.2,-1.2,3.0,1.0,,,0.0,5.5,4,2025,1,20,35.7,8,2019,5,26,11.9,8,2024,2,19,1977,2025-02-05
19076,北海道釧路地方,阿寒湖畔（アカンコハン）,,2025,2,5,14,0,-1.5,4,12.0,16.0,4.0,2.7,-0.4,2.0,3.0,,,0.0,5.8,4,2025,1,20,35.5,8,2019,5,26,13.7,8,2024,2,19,1977,2025-02-05
19151,北海道釧路地方,標茶（シベチャ）,,2025,2,5,14,0,-0.2,4,13.0,20.0,4.0,1.5,-1.3,2.0,3.0,,,0.0,6.8,4,2025,1,20,35.1,8,2023,8,25,12.4,8,2024,2,14,1977,2025-02-05
19191,北海道釧路地方,鶴居（ツルイ）,,2025,2,5,14,0,0.8,4,11.0,48.0,4.0,1.9,-1.1,2.0,3.0,,,0.0,8.1,4,2025,1,20,35.1,8,2010,8,7,13.9,8,2024,2,14,1977,2025-02-05
19261,北海道釧路地方,中徹別（ナカテシベツ）,,2025,2,5,14,0,1.5,4,13.0,53.0,4.0,2.6,-0.4,3.0,1.0,,,0.0,9.0,4,2025,1,20,36.1,8,2019,5,26,15.6,8,2024,2,19,1977,2025-02-05
19311,北海道釧路地方,榊町（サカキマチ）,,2025,2,5,14,0,0.6,4,12.0,30.0,4.0,2.0,-0.3,3.0,1.0,,,0.0,8.1,4,2025,1,20,35.5,8,2010,8,7,12.6,8,2024,2,14,1977,2025-02-05
19347,北海道釧路地方,鶴丘（ツルオカ）,,2025,2,5,14,0,-0.4,4,13.0,54.0,4.0,1.0,-1.4,2.0,2.0,,,0.0,6.8,4,2025,1,20,35.6,8,2007,8,15,12.0,8,2024,2,14,2003,2025-02-05
19376,北海道釧路地方,太田（オオタ）,,2025,2,5,14,0,-0.1,4,11.0,37.0,4.0,1.9,-0.9,2.0,3.0,,,0.0,7.9,4,2025,1,20,34.7,8,2010,8,7,12.3,8,2024,2,14,1977,2025-02-05
19416,北海道釧路地方,白糠（シラヌカ）,,2025,2,5,14,0,-0.1,4,11.0,38.0,4.0,0.7,-2.1,2.0,2.0,,,0.0,7.1,4,2025,1,20,35.5,8,2007,8,15,13.2,8,2024,2,14,1977,2025-02-05
19432,北海道釧路地方,釧路（クシロ）,47418.0,2025,2,5,14,0,0.7,4,12.0,8.0,4.0,1.4,-1.1,2.0,3.0,,,0.0,6.2,4,2025,1,6,33.5,8,2022,7,31,11.0,8,2024,2,14,1910,2025-02-05
19451,北海道釧路地方,知方学（チッポマナイ）,,2025,2,5,14,0,-1.1,4,13.0,55.0,4.0,1.1,-1.6,2.0,3.0,,,0.0,6.6,4,2025,1,20,31.5,8,2010,6,26,8.6,8,2024,2,14,1978,2025-02-05
20146,北海道十勝地方,陸別（リクベツ）,,2025,2,5,14,0,-1.4,4,13.0,47.0,4.0,1.1,-0.3,2.0,2.0,,,0.0,5.8,4,2025,1,20,37.8,8,2019,5,26,13.9,8,2024,2,19,1977,2025-02-05
20186,北海道十勝地方,ぬかびら源泉郷（ヌカビラゲンセンキョウ）,,2025,2,5,14,0,-3.8,4,14.0,0.0,4.0,0.3,-0.6,2.0,1.0,,,0.0,4.0,4,2025,1,20,34.5,8,2019,5,26,12.8,8,2024,2,19,1976,2025-02-05
20266,北海道十勝地方,上士幌（カミシホロ）,,2025,2,5,14,0,-3.9,4,13.0,54.0,4.0,-0.9,-3.6,99.0,0.0,,,0.0,6.5,4,2025,1,20,36.6,8,2010,6,26,12.8,8,2024,2,19,1977,2025-02-05
20276,北海道十勝地方,足寄（アショロ）,,2025,2,5,14,0,-0.1,4,12.0,50.0,4.0,1.1,-1.1,2.0,2.0,,,0.0,6.3,4,2025,1,20,38.8,8,2019,5,26,13.8,8,2024,2,19,1977,2025-02-05
20341,北海道十勝地方,本別（ホンベツ）,,2025,2,5,14,0,-0.1,4,13.0,22.0,4.0,1.3,-0.8,2.0,2.0,,,0.0,6.7,4,2025,1,20,37.2,8,2019,5,26,14.4,8,2024,2,19,1976,2025-02-05
20356,北海道十勝地方,新得（シントク）,,2025,2,5,14,0,-2.9,4,12.0,26.0,4.0,-0.5,-2.6,99.0,0.0,,,0.0,4.3,4,2025,1,20,36.2,8,1999,8,9,15.9,8,2024,2,19,1977,2025-02-05
20361,北海道十勝地方,鹿追（シカオイ）,,2025,2,5,14,0,-2.9,4,13.0,4.0,4.0,-0.2,-3.1,99.0,0.0,,,0.0,5.9,4,2025,1,20,36.5,8,2019,5,26,13.1,8,2024,2,19,1978,2025-02-05
20371,北海道十勝地方,駒場（コマバ）,,2025,2,5,14,0,-1.9,4,13.0,59.0,4.0,0.4,-1.9,2.0,1.0,,,0.0,6.9,4,2025,1,20,37.8,8,2014,6,3,11.0,8,2024,2,14,1977,2025-02-05
20421,北海道十勝地方,芽室（メムロ）,,2025,2,5,14,0,-3.1,4,14.0,0.0,4.0,-0.9,-2.5,99.0,0.0,,,0.0,5.3,4,2025,1,20,38.1,8,2019,5,26,11.7,8,2024,2,14,1977,2025-02-05
20432,北海道十勝地方,帯広（オビヒロ）,47417.0,2025,2,5,14,0,-0.5,4,13.0,38.0,4.0,0.8,-1.6,2.0,2.0,,,0.0,7.9,4,2025,1,20,38.8,8,2019,5,26,14.7,8,1967,2,23,1892,2025-02-05
20441,北海道十勝地方,池田（イケダ）,,2025,2,5,14,0,-0.2,4,14.0,0.0,4.0,1.7,-1.3,2.0,2.0,,,0.0,8.2,4,2025,1,20,38.8,8,2019,5,26,13.1,8,2024,2,19,1977,2025-02-05
20506,北海道十勝地方,浦幌（ウラホロ）,,2025,2,5,14,0,0.6,4,13.0,54.0,4.0,1.5,-1.0,2.0,2.0,,,0.0,6.9,4,2025,1,20,37.9,8,2019,5,26,13.2,8,2024,2,14,1977,2025-02-05
20551,北海道十勝地方,帯広泉（オビヒロイズミ）,,2025,2,5,14,0,-1.0,4,13.0,7.0,4.0,2.0,-0.1,2.0,3.0,,,0.0,4.9,4,2025,1,20,37.8,8,2019,5,26,14.4,8,2024,2,19,2003,2025-02-05
20556,北海道十勝地方,糠内（ヌカナイ）,,2025,2,5,14,0,1.3,4,13.0,45.0,4.0,3.1,0.0,3.0,1.0,,,0.0,7.3,4,2025,1,20,38.4,8,2019,5,26,13.9,8,2024,2,19,1978,2025-02-05
20601,北海道十勝地方,上札内（カミサツナイ）,,2025,2,5,14,0,-2.1,4,11.0,56.0,4.0,1.1,-0.3,2.0,2.0,,,0.0,3.1,4,2025,1,20,36.7,8,2019,5,26,14.8,8,2024,2,19,1977,2025-02-05
20606,北海道十勝地方,更別（サラベツ）,,2025,2,5,14,0,-1.8,4,13.0,24.0,4.0,1.0,-0.4,2.0,2.0,,,0.0,3.6,4,2025,1,30,38.0,8,2019,5,26,14.5,8,2024,2,19,1977,2025-02-05
20631,北海道十勝地方,大津（オオツ）,,2025,2,5,14,0,0.4,4,12.0,42.0,4.0,1.7,-1.7,2.0,3.0,,,0.0,6.2,4,2025,1,20,34.6,8,2010,8,6,11.5,8,2024,2,13,1977,2025-02-05
20696,北海道十勝地方,大樹（タイキ）,,2025,2,5,14,0,-0.8,4,14.0,0.0,4.0,1.2,-0.5,2.0,2.0,,,0.0,4.2,4,2025,1,30,35.8,8,2023,8,26,15.5,8,2024,2,19,1977,2025-02-05
20751,北海道十勝地方,広尾（ヒロオ）,47440.0,2025,2,5,14,0,0.1,4,14.0,0.0,4.0,0.9,-2.1,2.0,2.0,,,0.0,6.0,4,2025,1,20,35.8,8,2019,5,26,15.7,8,2024,2,19,1958,2025-02-05
21111,北海道胆振地方,厚真（アツマ）,,2025,2,5,14,0,-0.6,4,13.0,57.0,4.0,0.3,-5.1,2.0,1.0,,,0.0,5.9,4,2025,1,23,34.4,8,2024,8,12,12.8,8,2024,2,19,1977,2025-02-05
21126,北海道胆振地方,穂別（ホベツ）,,2025,2,5,14,0,-0.9,4,13.0,29.0,4.0,-0.1,-5.1,2.0,1.0,,,0.0,6.8,4,2025,1,25,34.8,8,2023,8,25,14.6,8,2024,2,19,1977,2025-02-05
21161,北海道胆振地方,大滝（オオタキ）,,2025,2,5,14,0,-3.6,4,10.0,13.0,4.0,-0.5,-5.1,99.0,0.0,,,0.0,2.9,4,2025,1,23,33.1,8,2023,8,24,12.4,8,2024,2,19,1977,2025-02-05
21171,北海道胆振地方,森野（モリノ）,,2025,2,5,14,0,-0.9,4,10.0,30.0,4.0,0.3,-3.9,2.0,1.0,,,0.0,4.5,4,2025,1,20,33.1,8,2021,7,27,12.4,8,2024,2,19,1977,2025-02-05
21187,北海道胆振地方,苫小牧（トマコマイ）,47424.0,2025,2,5,14,0,0.3,4,12.0,39.0,4.0,0.1,-4.7,2.0,1.0,,,0.0,6.9,4,2025,1,6,35.5,8,2007,8,15,12.7,8,2024,2,14,1942,2025-02-05
21226,北海道胆振地方,大岸（オオキシ）,,2025,2,5,14,0,-0.3,4,10.0,12.0,4.0,-0.2,-4.4,99.0,0.0,,,0.0,6.4,4,2025,1,26,33.6,8,2021,7,20,13.0,8,2024,2,19,1977,2025-02-05
21261,北海道胆振地方,白老（シラオイ）,,2025,2,5,14,0,0.2,4,13.0,38.0,4.0,0.0,-4.3,2.0,1.0,,,0.0,6.2,4,2025,1,6,33.3,8,2021,7,18,13.1,8,2024,2,14,1977,2025-02-05
21276,北海道胆振地方,鵡川（ムカワ）,,2025,2,5,14,0,-0.2,4,14.0,0.0,4.0,0.6,-5.0,2.0,2.0,,,0.0,6.3,4,2025,1,6,33.5,8,1994,8,10,11.2,8,2024,2,19,1978,2025-02-05
21297,北海道胆振地方,伊達（ダテ）,,2025,2,5,14,0,-0.2,4,13.0,58.0,4.0,-0.2,-5.1,1.0,2.0,,,0.0,6.3,4,2025,1,20,33.5,8,2023,8,22,15.0,8,2024,2,19,2007,2025-02-05
21312,北海道胆振地方,登別（ノボリベツ）,,2025,2,5,14,0,-1.6,4,10.0,22.0,4.0,-0.2,-5.4,99.0,0.0,,,0.0,4.6,4,2025,1,27,32.4,8,2021,7,20,11.4,8,2024,2,19,1977,2025-02-05
21323,北海道胆振地方,室蘭（ムロラン）,47423.0,2025,2,5,14,0,0.3,4,13.0,32.0,4.0,0.1,-3.9,2.0,1.0,,,0.0,5.7,4,2025,1,6,32.8,8,1929,8,8,13.8,8,2024,2,19,1923,2025-02-05
22036,北海道日高地方,日高（ヒダカ）,,2025,2,5,14,0,-3.0,4,11.0,54.0,4.0,-0.6,-5.6,99.0,0.0,,,0.0,4.8,4,2025,1,20,35.8,8,2021,7,31,13.6,8,2024,2,19,1977,2025-02-05
22141,北海道日高地方,日高門別（ヒダカモンベツ）,,2025,2,5,14,0,0.2,4,9.0,52.0,4.0,0.4,-4.6,2.0,2.0,,,0.0,5.9,4,2025,1,20,32.2,8,2021,7,27,10.4,8,2024,2,19,1976,2025-02-05
22156,北海道日高地方,新和（シンワ）,,2025,2,5,14,0,-0.3,4,0.0,48.0,4.0,-0.2,-4.8,1.0,3.0,,,0.0,6.8,4,2025,1,20,36.0,8,2007,8,13,13.2,8,2024,2,19,1977,2025-02-05
22241,北海道日高地方,静内（シズナイ）,,2025,2,5,14,0,1.2,4,10.0,58.0,4.0,0.8,-4.4,2.0,2.0,,,0.0,7.9,4,2025,1,20,33.9,8,2024,8,12,12.3,8,2024,2,19,1977,2025-02-05
22291,北海道日高地方,三石（ミツイシ）,,2025,2,5,14,0,1.2,4,11.0,19.0,4.0,1.0,-3.6,2.0,2.0,,,0.0,7.2,4,2025,1,20,33.4,8,2023,8,28,12.0,8,2024,2,19,1977,2025-02-05
22306,北海道日高地方,中杵臼（ナカキネウス）,,2025,2,5,14,0,-0.2,4,13.0,59.0,4.0,0.3,-3.1,2.0,2.0,,,0.0,6.5,4,2025,1,20,33.8,8,2023,8,25,10.1,8,1994,2,21,1978,2025-02-05
22327,北海道日高地方,浦河（ウラカワ）,47426.0,2025,2,5,14,0,1.1,4,14.0,0.0,4.0,0.5,-3.3,2.0,2.0,,,0.0,7.5,4,2025,1,25,31.5,8,2023,8,28,13.6,8,2024,2,19,1927,2025-02-05
22391,北海道日高地方,えりも岬（エリモミサキ）,,2025,2,5,14,0,0.1,4,9.0,15.0,4.0,0.6,-3.4,2.0,3.0,,,0.0,7.1,4,2025,1,6,28.5,8,2023,8,27,8.1,8,2024,2,19,1978,2025-02-05
23031,北海道渡島地方,長万部（オシャマンベ）,,2025,2,5,14,0,-1.3,4,12.0,23.0,4.0,-0.9,-5.8,99.0,0.0,,,0.0,6.1,4,2025,1,25,32.6,8,2021,7,18,10.7,8,2024,2,19,1977,2025-02-05
23086,北海道渡島地方,八雲（ヤクモ）,,2025,2,5,14,0,-1.4,4,3.0,2.0,4.0,-1.3,-4.3,99.0,0.0,,,0.0,5.9,4,2025,1,20,33.5,8,2021,7,20,13.7,8,2024,2,19,1977,2025-02-05
23166,北海道渡島地方,森（モリ）,,2025,2,5,14,0,-1.8,4,11.0,48.0,4.0,-1.0,-3.8,99.0,0.0,,,0.0,4.7,4,2025,1,13,33.6,8,2023,8,31,15.0,8,2024,2,19,2002,2025-02-05
23206,北海道渡島地方,川汲（カックミ）,,2025,2,5,14,0,0.2,4,12.0,31.0,4.0,-0.3,-3.5,99.0,0.0,,,0.0,6.0,4,2025,1,6,33.4,8,2023,8,31,15.8,8,2024,2,19,1977,2025-02-05
23226,北海道渡島地方,北斗（ホクト）,,2025,2,5,14,0,-0.2,4,12.0,28.0,4.0,-0.3,-3.7,99.0,0.0,,,0.0,6.0,4,2025,1,23,34.5,8,2023,8,24,14.5,8,2024,2,19,1977,2025-02-05
23232,北海道渡島地方,函館（ハコダテ）,47430.0,2025,2,5,14,0,1.0,4,11.0,36.0,4.0,0.1,-3.7,2.0,1.0,,,0.0,6.5,4,2025,1,23,35.4,8,2023,8,10,16.0,8,2024,2,19,1872,2025-02-05
23281,北海道渡島地方,高松（タカマツ）,,2025,2,5,14,0,0.4,4,11.0,19.0,4.0,-0.6,-4.6,1.0,2.0,,,0.0,7.2,4,2025,1,19,33.1,8,2023,8,10,14.9,8,2024,2,19,2003,2025-02-05
23326,北海道渡島地方,木古内（キコナイ）,,2025,2,5,14,0,-0.8,4,11.0,25.0,4.0,-1.6,-6.4,99.0,0.0,,,0.0,6.5,4,2025,1,20,34.2,8,2023,7,29,15.5,8,2024,2,19,1977,2025-02-05
23376,北海道渡島地方,松前（マツマエ）,,2025,2,5,14,0,0.4,4,12.0,47.0,4.0,-1.2,-6.1,99.0,0.0,,,0.0,8.6,4,2025,1,20,34.2,8,2023,8,24,15.1,8,2024,2,19,1977,2025-02-05
24141,北海道渡島地方,熊石（クマイシ）,,2025,2,5,14,0,0.2,4,2.0,10.0,4.0,-0.3,-5.2,99.0,0.0,,,0.0,8.3,4,2025,1,19,33.5,8,1978,8,3,11.8,8,2024,2,19,1977,2025-02-05
24041,北海道檜山地方,せたな（セタナ）,,2025,2,5,14,0,0.1,4,11.0,21.0,4.0,-0.4,-3.3,99.0,0.0,,,0.0,6.6,4,2025,1,26,32.8,8,1999,8,4,14.6,8,2024,2,19,1977,2025-02-05
24051,北海道檜山地方,今金（イマカネ）,,2025,2,5,14,0,-1.2,4,11.0,3.0,4.0,-1.0,-4.4,99.0,0.0,,,0.0,6.6,4,2025,1,26,34.8,8,2006,8,9,13.8,8,2024,2,19,1977,2025-02-05
24101,北海道檜山地方,奥尻（オクシリ）,,2025,2,5,14,0,0.8,4,5.0,28.0,4.0,-0.5,-4.9,99.0,0.0,,,0.0,8.5,4,2025,1,19,32.8,8,2023,8,10,15.0,8,2024,2,19,2000,2025-02-05
24156,北海道檜山地方,米岡（ヨネオカ）,,2025,2,5,14,0,-0.7,4,1.0,36.0,4.0,-1.2,-5.5,99.0,0.0,,,0.0,8.1,4,2025,1,19,32.7,8,2023,8,10,12.1,8,2024,2,19,2003,2025-02-05
24201,北海道檜山地方,鶉（ウズラ）,,2025,2,5,14,0,-1.0,4,13.0,28.0,4.0,-1.2,-3.4,99.0,0.0,,,0.0,6.0,4,2025,1,23,35.0,8,2023,8,10,15.6,8,2024,2,19,1977,2025-02-05
24217,北海道檜山地方,江差（エサシ）,47428.0,2025,2,5,14,0,0.3,4,0.0,24.0,4.0,-1.3,-4.9,99.0,0.0,,,0.0,8.5,4,2025,1,19,34.6,8,2023,8,31,15.4,8,2024,2,19,1941,2025-02-05
31001,青森県,大間（オオマ）,,2025,2,5,14,0,0.9,4,13.0,17.0,4.0,-1.0,-3.7,99.0,0.0,,,0.0,8.7,4,2025,1,19,32.9,8,2023,8,24,14.9,8,2010,2,26,1976,2025-02-05
31111,青森県,むつ（ムツ）,47576.0,2025,2,5,14,0,0.0,4,13.0,46.0,4.0,-1.6,-4.0,99.0,0.0,,,0.0,8.6,4,2025,1,20,35.3,8,2023,8,10,15.0,8,2024,2,19,1935,2025-02-05
31121,青森県,小田野沢（オダノサワ）,,2025,2,5,14,0,-0.2,4,10.0,14.0,4.0,-2.0,-3.8,99.0,0.0,,,0.0,9.3,4,2025,1,20,34.9,8,2023,8,4,16.6,8,2024,2,19,1976,2025-02-05
31136,青森県,今別（イマベツ）,,2025,2,5,14,0,-0.4,4,10.0,9.0,4.0,-1.9,-3.3,99.0,0.0,,,0.0,7.5,4,2025,1,28,33.7,8,2023,8,26,18.0,8,2024,2,19,1976,2025-02-05
31156,青森県,脇野沢（ワキノサワ）,,2025,2,5,14,0,-0.2,4,10.0,4.0,4.0,-1.8,-5.1,99.0,0.0,,,0.0,7.9,4,2025,1,20,34.6,8,2023,8,24,14.5,8,2024,2,19,1976,2025-02-05
31186,青森県,市浦（シウラ）,,2025,2,5,14,0,-0.3,4,9.0,30.0,4.0,-2.2,-4.6,99.0,0.0,,,0.0,7.7,4,2025,1,28,37.2,8,2023,8,10,18.0,8,2024,2,19,1976,2025-02-05
31201,青森県,蟹田（カニタ）,,2025,2,5,14,0,-0.4,4,10.0,10.0,4.0,-1.9,-3.5,99.0,0.0,,,0.0,7.9,4,2025,1,20,34.6,8,2023,8,24,14.1,8,2016,2,14,1976,2025-02-05
31296,青森県,五所川原（ゴショガワラ）,,2025,2,5,14,0,-1.6,4,12.0,30.0,4.0,-3.3,-5.0,99.0,0.0,,,0.0,6.9,4,2025,1,28,39.0,8,2023,8,10,18.4,8,2024,2,19,1976,2025-02-05
31312,青森県,青森（アオモリ）,47575.0,2025,2,5,14,0,-1.2,4,12.0,46.0,4.0,-3.1,-5.0,99.0,0.0,,,0.0,8.0,4,2025,1,19,36.7,8,1994,8,12,19.4,8,2024,2,19,1882,2025-02-05
31332,青森県,野辺地（ノヘジ）,,2025,2,5,14,0,-0.7,4,13.0,5.0,4.0,-2.3,-4.5,99.0,0.0,,,0.0,8.5,4,2025,1,19,35.6,8,2023,8,10,17.2,8,2016,2,14,2008,2025-02-05
31336,青森県,六ケ所（ロッカショ）,,2025,2,5,14,0,-0.4,4,13.0,8.0,4.0,-1.6,-3.5,99.0,0.0,,,0.0,7.6,4,2025,1,20,34.8,8,2024,8,23,16.6,8,2016,2,14,1982,2025-02-05
31366,青森県,鰺ケ沢（アジガサワ）,,2025,2,5,14,0,-1.4,4,12.0,38.0,4.0,-3.5,-5.9,99.0,0.0,,,0.0,8.6,4,2025,1,19,36.9,8,2023,8,10,18.8,8,2024,2,19,1976,2025-02-05
31386,青森県,青森大谷（アオモリオオタニ）,,2025,2,5,14,0,-4.2,4,12.0,35.0,4.0,-4.0,-6.6,99.0,0.0,,,0.0,6.2,4,2025,1,19,35.7,8,2023,8,10,16.0,8,2024,2,19,2003,2025-02-05
31436,青森県,深浦（フカウラ）,47574.0,2025,2,5,14,0,-1.5,4,13.0,13.0,4.0,-3.6,-6.7,99.0,0.0,,,0.0,7.8,4,2025,1,19,37.9,8,1978,8,3,19.9,8,1954,2,27,1940,2025-02-05
31461,青森県,弘前（ヒロサキ）,,2025,2,5,14,0,-1.0,4,10.0,53.0,4.0,-2.7,-5.5,99.0,0.0,,,0.0,8.4,4,2025,1,19,39.3,8,2023,8,10,17.8,8,2024,2,19,1976,2025-02-05
31466,青森県,黒石（クロイシ）,,2025,2,5,14,0,-2.3,4,11.0,26.0,4.0,-3.4,-6.2,99.0,0.0,,,0.0,6.5,4,2025,1,19,36.4,8,2023,8,10,17.1,8,2024,2,19,1976,2025-02-05
31482,青森県,酸ケ湯（スカユ）,,2025,2,5,14,0,-8.9,4,10.0,53.0,4.0,-3.7,-7.3,99.0,0.0,,,0.0,3.2,4,2025,1,6,30.8,8,1978,8,3,11.8,8,2024,2,19,1976,2025-02-05
31506,青森県,三沢（ミサワ）,,2025,2,5,14,0,0.7,4,13.0,1.0,4.0,-1.7,-4.6,99.0,0.0,,,0.0,9.4,4,2025,1,20,37.0,8,2023,8,5,16.7,8,2010,2,25,1976,2025-02-05
31586,青森県,十和田（トワダ）,,2025,2,5,14,0,-0.8,4,13.0,39.0,4.0,-2.7,-4.0,99.0,0.0,,,0.0,9.4,4,2025,1,20,35.8,8,2004,7,31,16.5,8,2010,2,25,1976,2025-02-05
31602,青森県,八戸（ハチノヘ）,47581.0,2025,2,5,14,0,-0.3,4,13.0,14.0,4.0,-3.2,-5.0,99.0,0.0,,,0.0,10.6,4,2025,1,6,37.0,8,1978,8,3,19.0,8,2010,2,25,1936,2025-02-05
31646,青森県,碇ケ関（イカリガセキ）,,2025,2,5,14,0,-3.7,4,12.0,58.0,4.0,-4.3,-6.3,99.0,0.0,,,0.0,6.7,4,2025,1,20,37.9,8,1999,8,10,15.6,8,2024,2,19,1976,2025-02-05
31662,青森県,休屋（ヤスミヤ）,,2025,2,5,14,0,-5.4,4,12.0,37.0,4.0,-4.2,-6.2,99.0,0.0,,,0.0,6.8,4,2025,1,6,33.7,8,2021,8,7,14.7,8,2024,2,19,1982,2025-02-05
31721,青森県,三戸（サンノヘ）,,2025,2,5,14,0,-1.2,4,13.0,2.0,4.0,-3.8,-4.6,99.0,0.0,,,0.0,9.6,4,2025,1,20,37.7,8,1999,7,27,18.2,8,2004,2,22,1976,2025-02-05
32056,秋田県,八森（ハチモリ）,,2025,2,5,14,0,-0.3,4,13.0,1.0,4.0,-3.2,-6.8,99.0,0.0,,,0.0,8.3,4,2025,1,21,37.4,8,1978,8,3,18.2,8,2010,2,25,1976,2025-02-05
32111,秋田県,能代（ノシロ）,,2025,2,5,14,0,0.0,4,11.0,25.0,4.0,-2.8,-4.9,99.0,0.0,,,0.0,7.5,4,2025,1,19,39.1,8,1978,8,3,19.2,8,2024,2,19,1976,2025-02-05
32126,秋田県,鷹巣（タカノス）,,2025,2,5,14,0,-0.9,4,11.0,44.0,4.0,-2.9,-3.7,99.0,0.0,,,0.0,6.9,4,2025,1,21,38.9,8,2023,8,8,20.2,8,2024,2,19,1976,2025-02-05
32136,秋田県,大館（オオダテ）,,2025,2,5,14,0,-0.1,4,11.0,53.0,4.0,-2.0,-3.3,99.0,0.0,,,0.0,7.3,4,2025,1,22,38.8,8,2023,8,23,20.2,8,2024,2,19,1976,2025-02-05
32146,秋田県,鹿角（カヅノ）,,2025,2,5,14,0,-3.5,4,13.0,8.0,4.0,-4.3,-6.4,99.0,0.0,,,0.0,6.0,4,2025,1,22,37.0,8,2000,7,31,18.4,8,2024,2,19,1976,2025-02-05
32181,秋田県,脇神（ワキガミ）,,2025,2,5,14,0,-1.7,4,10.0,23.0,4.0,-2.8,-3.8,99.0,0.0,,,0.0,7.3,4,2025,1,22,37.3,8,2019,8,15,19.2,8,2024,2,19,2003,2025-02-05
32206,秋田県,湯瀬（ユゼ）,,2025,2,5,14,0,-3.8,4,2.0,5.0,4.0,-4.3,-6.0,99.0,0.0,,,0.0,5.5,4,2025,1,20,36.0,8,2000,7,31,17.4,8,2024,2,19,1976,2025-02-05
32266,秋田県,八幡平（ハチマンタイ）,,2025,2,5,14,0,-6.4,4,13.0,52.0,4.0,-4.4,-5.8,99.0,0.0,,,0.0,6.1,4,2025,1,20,32.8,8,2007,8,14,14.8,8,2024,2,19,1978,2025-02-05
32286,秋田県,男鹿（オガ）,,2025,2,5,14,0,0.7,4,13.0,24.0,4.0,-2.0,-5.8,99.0,0.0,,,0.0,9.4,4,2025,1,6,35.6,8,2000,7,31,16.1,8,2010,2,25,1976,2025-02-05
32287,秋田県,大潟（オオガタ）,,2025,2,5,14,0,1.0,4,13.0,58.0,4.0,-1.8,-5.1,99.0,0.0,,,0.0,9.5,4,2025,1,6,38.1,8,1978,8,3,19.5,8,2024,2,19,1977,2025-02-05
32296,秋田県,五城目（ゴジョウメ）,,2025,2,5,14,0,0.3,4,13.0,45.0,4.0,-2.3,-4.5,99.0,0.0,,,0.0,9.9,4,2025,1,6,38.1,8,2020,9,3,19.4,8,2024,2,19,1976,2025-02-05
32311,秋田県,阿仁合（アニアイ）,,2025,2,5,14,0,-2.6,4,13.0,48.0,4.0,-3.7,-5.3,99.0,0.0,,,0.0,7.6,4,2025,1,20,37.1,8,1978,8,3,17.3,8,2024,2,19,1976,2025-02-05
32402,秋田県,秋田（アキタ）,47582.0,2025,2,5,14,0,1.1,4,12.0,29.0,4.0,-2.0,-4.7,99.0,0.0,,,0.0,10.6,4,2025,1,7,38.5,8,2023,8,23,20.1,8,2024,2,19,1882,2025-02-05
32407,秋田県,岩見三内（イワミサンナイ）,,2025,2,5,14,0,0.2,4,13.0,8.0,4.0,-1.8,-2.8,99.0,0.0,,,0.0,8.2,4,2025,1,7,37.7,8,2000,7,31,19.3,8,2024,2,19,1976,2025-02-05
32451,秋田県,雄和（ユウワ）,,2025,2,5,14,0,-0.7,4,12.0,37.0,4.0,-2.5,-4.2,99.0,0.0,,,0.0,8.7,4,2025,1,7,37.2,8,2023,8,23,19.7,8,2024,2,19,2003,2025-02-05
32466,秋田県,角館（カクノダテ）,,2025,2,5,14,0,-0.1,4,14.0,0.0,4.0,-1.8,-2.6,99.0,0.0,,,0.0,7.2,4,2025,1,7,37.8,8,2000,7,31,18.8,8,2024,2,19,1976,2025-02-05
32476,秋田県,田沢湖（タザワコ）,,2025,2,5,14,0,-2.5,4,13.0,59.0,4.0,-3.0,-3.6,99.0,0.0,,,0.0,7.2,4,2025,1,19,36.5,8,2018,8,23,16.8,8,2010,2,25,1976,2025-02-05
32496,秋田県,大正寺（ダイショウジ）,,2025,2,5,14,0,0.4,4,13.0,36.0,4.0,-1.8,-3.4,99.0,0.0,,,0.0,9.3,4,2025,1,7,37.2,8,1978,8,3,20.4,8,2024,2,19,1976,2025-02-05
32551,秋田県,大曲（オオマガリ）,,2025,2,5,14,0,0.3,4,13.0,51.0,4.0,-1.3,-2.5,99.0,0.0,,,0.0,8.7,4,2025,1,7,37.6,8,2000,7,31,19.6,8,2024,2,19,1976,2025-02-05
32571,秋田県,本荘（ホンジョウ）,,2025,2,5,14,0,1.4,4,13.0,3.0,4.0,-2.3,-4.9,99.0,0.0,,,0.0,10.3,4,2025,1,7,37.8,8,2018,8,23,20.6,8,2024,2,19,1976,2025-02-05
32581,秋田県,東由利（ヒガシユリ）,,2025,2,5,14,0,-0.1,4,11.0,59.0,4.0,-2.3,-3.1,99.0,0.0,,,0.0,8.7,4,2025,1,7,38.0,8,2000,7,31,18.8,8,2024,2,19,1976,2025-02-05
32596,秋田県,横手（ヨコテ）,,2025,2,5,14,0,0.0,4,13.0,17.0,4.0,-1.6,-2.7,99.0,0.0,,,0.0,7.6,4,2025,1,7,39.2,8,2023,8,31,19.9,8,2024,2,19,1976,2025-02-05
32616,秋田県,にかほ（ニカホ）,,2025,2,5,14,0,1.8,4,13.0,16.0,4.0,-2.9,-5.9,99.0,0.0,,,0.0,12.3,4,2025,1,6,38.2,8,2020,9,3,20.0,8,2004,2,22,1976,2025-02-05
32626,秋田県,矢島（ヤシマ）,,2025,2,5,14,0,0.0,4,12.0,49.0,4.0,-2.9,-3.9,99.0,0.0,,,0.0,8.9,4,2025,1,7,37.7,8,2000,7,31,18.5,8,2010,2,25,1976,2025-02-05
32691,秋田県,湯沢（ユザワ）,,2025,2,5,14,0,-0.1,4,13.0,12.0,4.0,-1.6,-2.4,99.0,0.0,,,0.0,7.4,4,2025,1,7,36.8,8,2015,7,13,19.7,8,2024,2,19,1976,2025-02-05
32771,秋田県,湯の岱（ユノタイ）,,2025,2,5,14,0,-2.8,4,13.0,36.0,4.0,-3.2,-5.0,99.0,0.0,,,0.0,4.5,4,2025,1,23,35.3,8,1999,7,27,16.1,8,2004,2,22,1976,2025-02-05
33006,岩手県,種市（タネイチ）,,2025,2,5,14,0,0.2,4,12.0,48.0,4.0,-2.4,-4.7,99.0,0.0,,,0.0,10.2,4,2025,1,6,35.4,8,2015,8,5,19.9,8,2016,2,14,1976,2025-02-05
33026,岩手県,軽米（カルマイ）,,2025,2,5,14,0,-2.5,4,13.0,17.0,4.0,-4.0,-5.5,99.0,0.0,,,0.0,9.3,4,2025,1,6,36.2,8,2018,8,23,17.3,8,2024,2,19,1976,2025-02-05
33071,岩手県,二戸（ニノヘ）,,2025,2,5,14,0,-2.6,4,13.0,6.0,4.0,-4.4,-5.0,99.0,0.0,,,0.0,9.2,4,2025,1,20,35.8,8,1994,8,10,16.0,8,2004,2,22,1976,2025-02-05
33136,岩手県,山形（ヤマガタ）,,2025,2,5,14,0,-1.8,4,11.0,54.0,4.0,-3.1,-5.4,99.0,0.0,,,0.0,10.4,4,2025,1,6,36.4,8,2018,8,23,17.3,8,2024,2,19,1977,2025-02-05
33146,岩手県,久慈（クジ）,,2025,2,5,14,0,1.6,4,12.0,44.0,4.0,-2.0,-5.2,99.0,0.0,,,0.0,14.1,4,2025,1,6,36.4,8,2023,8,3,22.0,8,2016,2,14,1976,2025-02-05
33166,岩手県,荒屋（アラヤ）,,2025,2,5,14,0,-3.2,4,11.0,21.0,4.0,-3.5,-4.9,99.0,0.0,,,0.0,7.7,4,2025,1,20,35.0,8,2018,8,23,13.5,8,2004,2,22,1976,2025-02-05
33176,岩手県,奥中山（オクナカヤマ）,,2025,2,5,14,0,-3.3,4,12.0,21.0,4.0,-2.5,-4.1,99.0,0.0,,,0.0,7.1,4,2025,1,20,33.5,8,2018,8,23,12.4,8,2024,2,19,1977,2025-02-05
33186,岩手県,葛巻（クズマキ）,,2025,2,5,14,0,-4.1,4,13.0,1.0,4.0,-4.2,-6.1,99.0,0.0,,,0.0,8.5,4,2025,1,6,34.7,8,2007,8,12,15.4,8,2004,2,22,1976,2025-02-05
33206,岩手県,普代（フダイ）,,2025,2,5,14,0,2.3,4,11.0,54.0,4.0,-1.8,-4.9,99.0,0.0,,,0.0,14.7,4,2025,1,6,37.7,8,1978,8,3,21.4,8,2016,2,14,1976,2025-02-05
33226,岩手県,岩手松尾（イワテマツオ）,,2025,2,5,14,0,-3.4,4,12.0,8.0,4.0,-4.4,-5.4,99.0,0.0,,,0.0,6.8,4,2025,1,6,35.7,8,2023,8,5,14.8,8,2024,2,19,1976,2025-02-05
33296,岩手県,好摩（コウマ）,,2025,2,5,14,0,-1.4,4,13.0,49.0,4.0,-3.0,-4.7,99.0,0.0,,,0.0,8.5,4,2025,1,20,36.0,8,1999,7,27,15.8,8,2024,2,19,1976,2025-02-05
33326,岩手県,岩泉（イワイズミ）,,2025,2,5,14,0,0.1,4,14.0,0.0,4.0,-3.5,-5.4,99.0,0.0,,,0.0,12.9,4,2025,1,20,38.5,8,1994,8,12,20.5,8,2010,2,25,1976,2025-02-05
33336,岩手県,小本（オモト）,,2025,2,5,14,0,1.9,4,12.0,47.0,4.0,-2.6,-5.3,99.0,0.0,,,0.0,13.7,4,2025,1,6,36.9,8,2023,7,31,21.3,8,2016,2,14,1977,2025-02-05
33371,岩手県,薮川（ヤブカワ）,,2025,2,5,14,0,-7.2,4,13.0,40.0,4.0,-5.0,-6.3,99.0,0.0,,,0.0,5.1,4,2025,1,20,31.8,8,2018,8,23,12.6,8,2004,2,22,1976,2025-02-05
33421,岩手県,雫石（シズクイシ）,,2025,2,5,14,0,-2.1,4,13.0,39.0,4.0,-3.2,-4.1,99.0,0.0,,,0.0,8.2,4,2025,1,20,35.8,4,1978,8,2,16.1,8,2024,2,19,1976,2025-02-05
33431,岩手県,盛岡（モリオカ）,47584.0,2025,2,5,14,0,-1.6,4,13.0,49.0,4.0,-3.9,-5.0,99.0,0.0,,,0.0,9.8,4,2025,1,20,37.2,8,1924,7,12,17.1,8,2024,2,19,1923,2025-02-05
33441,岩手県,区界（クザカイ）,,2025,2,5,14,0,-7.4,4,13.0,12.0,4.0,-4.8,-6.6,99.0,0.0,,,0.0,4.6,4,2025,1,6,31.6,8,2018,8,23,12.7,8,2004,2,22,1993,2025-02-05
33472,岩手県,宮古（ミヤコ）,47585.0,2025,2,5,14,0,2.7,4,11.0,37.0,4.0,-2.3,-4.3,99.0,0.0,,,0.0,13.8,4,2025,1,6,37.3,8,1933,7,23,21.3,8,1912,2,28,1883,2025-02-05
33486,岩手県,沢内（サワウチ）,,2025,2,5,14,0,-4.2,4,13.0,33.0,4.0,,-4.6,,,,,0.0,7.0,4,2025,1,20,34.1,8,2018,8,23,13.9,8,2024,2,19,2017,2025-02-05
33501,岩手県,紫波（シワ）,,2025,2,5,14,0,-0.8,4,13.0,31.0,4.0,-2.8,-3.8,99.0,0.0,,,0.0,7.2,4,2025,1,7,36.3,8,2007,8,14,16.5,8,2024,2,19,1976,2025-02-05
33526,岩手県,川井（カワイ）,,2025,2,5,14,0,-0.5,4,13.0,27.0,4.0,-3.5,-4.5,99.0,0.0,,,0.0,11.1,4,2025,1,20,37.5,8,2007,8,13,18.6,8,2010,2,25,1977,2025-02-05
33576,岩手県,花巻（ハナマキ）,,2025,2,5,14,0,-0.1,4,12.0,43.0,4.0,-2.7,-4.0,99.0,0.0,,,0.0,9.2,4,2025,1,7,36.6,8,2015,7,22,17.7,8,2024,2,19,2003,2025-02-05
33581,岩手県,大迫（オオハサマ）,,2025,2,5,14,0,-1.8,4,14.0,0.0,4.0,-4.1,-6.1,99.0,0.0,,,0.0,8.6,4,2025,1,7,36.4,8,2018,8,23,17.4,8,2024,2,19,1976,2025-02-05
33616,岩手県,山田（ヤマダ）,,2025,2,5,14,0,2.1,4,10.0,33.0,4.0,-3.6,-5.8,99.0,0.0,,,0.0,14.0,4,2025,1,20,37.5,8,2015,7,14,20.7,8,2016,2,14,1976,2025-02-05
33631,岩手県,湯田（ユダ）,,2025,2,5,14,0,-2.4,4,12.0,29.0,4.0,-3.0,-3.0,99.0,0.0,,,0.0,6.3,4,2025,1,20,34.9,8,2018,8,23,15.1,8,2024,2,19,1976,2025-02-05
33671,岩手県,遠野（トオノ）,,2025,2,5,14,0,-2.8,4,12.0,44.0,4.0,-4.7,-5.3,99.0,0.0,,,0.0,8.3,4,2025,1,20,36.5,8,2007,8,14,17.2,8,2004,2,22,1976,2025-02-05
33716,岩手県,北上（キタカミ）,,2025,2,5,14,0,-0.3,4,12.0,44.0,4.0,-3.0,-4.3,99.0,0.0,,,0.0,9.7,4,2025,1,7,37.0,8,2019,8,8,17.7,8,2024,2,19,1976,2025-02-05
33751,岩手県,釜石（カマイシ）,,2025,2,5,14,0,1.5,4,13.0,8.0,4.0,-3.8,-6.0,99.0,0.0,,,0.0,13.2,4,2025,1,6,38.8,8,1994,8,14,20.4,8,2016,2,14,1976,2025-02-05
33776,岩手県,若柳（ワカヤナギ）,,2025,2,5,14,0,-1.0,4,13.0,0.0,4.0,-3.4,-4.1,99.0,0.0,,,0.0,8.1,4,2025,1,7,36.9,8,2015,8,5,17.9,8,2024,2,19,1976,2025-02-05
33781,岩手県,江刺（エサシ）,,2025,2,5,14,0,0.5,4,12.0,59.0,4.0,-2.3,-5.0,99.0,0.0,,,0.0,9.5,4,2025,1,7,37.3,8,2021,7,19,18.9,8,2024,2,19,1976,2025-02-05
33801,岩手県,住田（スミタ）,,2025,2,5,14,0,-0.2,4,13.0,21.0,4.0,-3.8,-5.2,99.0,0.0,,,0.0,11.5,4,2025,1,20,36.7,8,2020,8,11,17.7,8,2004,2,22,1977,2025-02-05
33877,岩手県,大船渡（オオフナト）,47512.0,2025,2,5,14,0,1.4,4,13.0,45.0,4.0,-3.5,-5.1,99.0,0.0,,,0.0,12.6,4,2025,1,6,37.0,8,2023,7,30,17.7,8,2024,2,15,1963,2025-02-05
33911,岩手県,一関（イチノセキ）,,2025,2,5,14,0,1.0,4,12.0,57.0,4.0,-3.1,-4.6,99.0,0.0,,,0.0,10.0,4,2025,1,7,38.2,8,1994,8,9,18.3,8,2024,2,19,1976,2025-02-05
33921,岩手県,千厩（センマヤ）,,2025,2,5,14,0,0.3,4,13.0,13.0,4.0,-3.2,,99.0,0.0,,,0.0,10.0,4,2025,1,20,36.4,8,2019,8,6,18.3,8,2024,2,19,1976,2025-02-05
34012,宮城県,駒ノ湯（コマノユ）,,2025,2,5,14,0,-4.0,4,11.0,41.0,4.0,-4.1,-4.4,99.0,0.0,,,0.0,8.0,4,2025,1,20,33.3,8,1994,8,14,14.3,8,2004,2,22,1976,2025-02-05
34026,宮城県,気仙沼（ケセンヌマ）,,2025,2,5,14,0,1.7,4,13.0,0.0,4.0,-2.8,-4.3,99.0,0.0,,,0.0,12.9,4,2025,1,6,36.7,8,2015,7,14,19.2,8,2024,2,19,1976,2025-02-05
34096,宮城県,川渡（カワタビ）,,2025,2,5,14,0,-1.3,4,12.0,10.0,4.0,-4.2,-4.7,99.0,0.0,,,0.0,9.7,4,2025,1,20,36.5,8,1994,8,14,17.5,8,2024,2,19,1976,2025-02-05
34111,宮城県,築館（ツキダテ）,,2025,2,5,14,0,0.0,4,12.0,26.0,4.0,-4.3,-5.1,99.0,0.0,,,0.0,11.6,4,2025,1,20,37.3,8,1994,8,14,18.7,8,2024,2,19,1976,2025-02-05
34171,宮城県,米山（ヨネヤマ）,,2025,2,5,14,0,0.2,4,10.0,49.0,4.0,-4.6,-6.2,99.0,0.0,,,0.0,11.1,4,2025,1,20,37.1,8,2023,7,29,19.7,8,2024,2,19,1976,2025-02-05
34186,宮城県,志津川（シヅガワ）,,2025,2,5,14,0,2.3,4,11.0,49.0,4.0,-3.3,-4.3,99.0,0.0,,,0.0,12.2,4,2025,1,20,38.0,8,1994,8,14,20.2,8,2024,2,15,1976,2025-02-05
34216,宮城県,古川（フルカワ）,,2025,2,5,14,0,-1.2,4,10.0,39.0,4.0,-5.2,-5.4,99.0,0.0,,,0.0,11.0,4,2025,1,20,36.5,8,2021,8,4,18.8,8,2024,2,19,1976,2025-02-05
34266,宮城県,大衡（オオヒラ）,,2025,2,5,14,0,0.7,4,11.0,26.0,4.0,-3.7,-3.6,99.0,0.0,,,0.0,10.8,4,2025,1,7,37.1,8,1994,8,14,20.2,8,2024,2,15,1976,2025-02-05
34276,宮城県,鹿島台（カシマダイ）,,2025,2,5,14,0,2.2,4,11.0,22.0,4.0,-2.5,-3.1,99.0,0.0,,,0.0,11.7,4,2025,1,20,36.4,8,2023,7,30,20.1,8,2024,2,15,1976,2025-02-05
34292,宮城県,石巻（イシノマキ）,47592.0,2025,2,5,14,0,1.8,4,11.0,20.0,4.0,-3.1,-3.7,99.0,0.0,,,0.0,11.1,4,2025,1,20,36.8,8,2007,8,15,19.2,8,1993,2,7,1887,2025-02-05
34296,宮城県,女川（オナガワ）,,2025,2,5,14,0,2.5,4,13.0,19.0,4.0,-2.5,-4.5,99.0,0.0,,,0.0,13.3,4,2025,1,20,36.9,8,2023,8,28,19.0,8,2024,2,15,2011,2025-02-05
34311,宮城県,新川（ニッカワ）,,2025,2,5,14,0,-2.4,4,14.0,0.0,4.0,-5.3,-5.9,99.0,0.0,,,0.0,9.2,4,2025,1,20,35.4,8,2023,7,30,17.0,8,2024,2,15,1976,2025-02-05
34331,宮城県,塩釜（シオガマ）,,2025,2,5,14,0,1.0,4,13.0,40.0,4.0,-3.4,-3.9,99.0,0.0,,,0.0,11.1,4,2025,1,28,35.8,8,2022,8,9,21.0,8,2024,2,15,1976,2025-02-05
34392,宮城県,仙台（センダイ）,47590.0,2025,2,5,14,0,1.8,4,13.0,53.0,4.0,-3.9,-4.6,99.0,0.0,,,0.0,12.1,4,2025,1,20,37.3,8,2018,8,1,21.1,8,2024,2,15,1926,2025-02-05
34436,宮城県,名取（ナトリ）,,2025,2,5,14,0,2.6,4,11.0,24.0,4.0,-3.5,-4.8,99.0,0.0,,,0.0,12.6,4,2025,1,28,37.3,8,2018,7,22,22.0,8,2016,2,14,2003,2025-02-05
34461,宮城県,白石（シロイシ）,,2025,2,5,14,0,-0.7,4,12.0,43.0,4.0,-6.1,-6.5,99.0,0.0,,,0.0,12.8,4,2025,1,20,36.9,8,2023,7,30,20.6,8,2004,2,22,1976,2025-02-05
34462,宮城県,蔵王（ザオウ）,,2025,2,5,14,0,0.4,4,11.0,38.0,4.0,-5.1,-5.1,99.0,0.0,,,0.0,12.6,4,2025,1,20,37.0,8,2015,8,6,20.0,8,2024,2,15,2005,2025-02-05
34471,宮城県,亘理（ワタリ）,,2025,2,5,14,0,2.2,4,12.0,7.0,4.0,-3.9,-4.5,99.0,0.0,,,0.0,12.4,4,2025,1,28,36.1,8,1987,7,24,20.8,8,2024,2,15,1976,2025-02-05
34506,宮城県,丸森（マルモリ）,,2025,2,5,14,0,2.8,4,12.0,9.0,4.0,-3.3,-4.3,99.0,0.0,,,0.0,12.8,4,2025,1,20,37.6,8,2015,7,14,21.3,8,2016,2,14,1977,2025-02-05
35002,山形県,飛島（トビシマ）,,2025,2,5,14,0,1.5,4,12.0,59.0,4.0,-3.0,-5.0,99.0,0.0,,,0.0,10.1,4,2025,1,6,36.0,8,2023,8,23,16.1,8,2004,2,22,1978,2025-02-05
35052,山形県,酒田（サカタ）,47587.0,2025,2,5,14,0,1.7,4,11.0,48.0,4.0,-2.6,-3.9,99.0,0.0,,,0.0,10.4,4,2025,1,7,40.1,8,1978,8,3,21.6,8,2004,2,22,1937,2025-02-05
35071,山形県,差首鍋（サスナベ）,,2025,2,5,14,0,-0.5,4,13.0,6.0,4.0,-2.6,-2.6,99.0,0.0,,,0.0,5.6,4,2025,1,7,36.1,8,1994,8,16,13.8,8,2024,2,20,1976,2025-02-05
35086,山形県,浜中（ハマナカ）,,2025,2,5,14,0,1.3,4,11.0,6.0,4.0,-2.9,-4.4,99.0,0.0,,,0.0,9.2,4,2025,1,6,38.9,8,2023,8,23,21.7,8,2004,2,22,2003,2025-02-05
35116,山形県,金山（カネヤマ）,,2025,2,5,14,0,-0.8,4,11.0,29.0,4.0,-2.3,-2.1,99.0,0.0,,,0.0,5.2,4,2025,1,13,36.8,8,2018,8,23,15.8,8,2024,2,19,1976,2025-02-05
35141,山形県,鶴岡（ツルオカ）,,2025,2,5,14,0,1.1,4,10.0,37.0,4.0,-3.1,-3.0,99.0,0.0,,,0.0,9.6,4,2025,1,6,39.9,8,1978,8,3,21.4,8,2004,2,22,1976,2025-02-05
35146,山形県,狩川（カリカワ）,,2025,2,5,14,0,0.7,4,11.0,45.0,4.0,-2.1,-2.5,99.0,0.0,,,0.0,7.1,4,2025,1,7,37.6,8,1978,8,3,17.8,8,2024,2,19,1976,2025-02-05
35162,山形県,新庄（シンジョウ）,47520.0,2025,2,5,14,0,-0.1,4,11.0,45.0,4.0,-2.2,-2.7,99.0,0.0,,,0.0,6.0,4,2025,2,3,37.8,8,2023,8,24,17.3,8,2024,2,19,1957,2025-02-05
35176,山形県,向町（ムカイマチ）,,2025,2,5,14,0,-1.8,4,11.0,52.0,4.0,-3.5,-3.7,99.0,0.0,,,0.0,5.4,4,2025,1,19,36.0,8,2007,8,14,17.0,8,2024,2,19,1976,2025-02-05
35216,山形県,肘折（ヒジオリ）,,2025,2,5,14,0,-2.3,4,10.0,42.0,4.0,-3.4,-2.7,99.0,0.0,,,0.0,4.9,4,2025,2,3,35.3,8,1994,8,13,17.3,8,2004,2,22,1976,2025-02-05
35231,山形県,尾花沢（オバナザワ）,,2025,2,5,14,0,-1.5,4,11.0,24.0,4.0,-3.3,-2.7,99.0,0.0,,,0.0,5.8,4,2025,2,3,36.2,8,2014,7,26,17.5,8,2024,2,19,1976,2025-02-05
35246,山形県,鼠ケ関（ネズガセキ）,,2025,2,5,14,0,2.4,4,12.0,38.0,4.0,-2.4,-4.2,99.0,0.0,,,0.0,12.0,4,2025,1,6,40.4,8,2019,8,15,20.4,8,2004,2,22,1976,2025-02-05
35332,山形県,村山（ムラヤマ）,,2025,2,5,14,0,-1.4,4,11.0,53.0,4.0,-3.7,-3.5,99.0,0.0,,,0.0,6.0,4,2025,1,7,36.9,8,2015,7,22,18.3,8,2024,2,15,2002,2025-02-05
35334,山形県,東根（ヒガシネ）,,2025,2,5,14,0,-1.8,4,14.0,0.0,4.0,-4.3,-4.6,99.0,0.0,,,0.0,6.4,4,2025,1,24,37.0,8,2018,6,29,18.7,8,2024,2,15,2003,2025-02-05
35361,山形県,大井沢（オオイサワ）,,2025,2,5,14,0,-4.2,4,10.0,39.0,4.0,-5.2,-4.4,99.0,0.0,,,0.0,5.3,4,2025,1,21,35.0,8,1994,8,13,15.7,8,2004,2,22,1978,2025-02-05
35376,山形県,左沢（アテラザワ）,,2025,2,5,14,0,-2.3,4,13.0,37.0,4.0,-4.6,-3.6,99.0,0.0,,,0.0,6.2,4,2025,1,19,36.7,8,1985,8,8,17.6,8,2024,2,19,1976,2025-02-05
35426,山形県,山形（ヤマガタ）,47588.0,2025,2,5,14,0,-1.0,4,13.0,48.0,4.0,-4.4,-4.6,99.0,0.0,,,0.0,7.7,4,2025,1,7,40.8,8,1933,7,25,18.9,8,2024,2,19,1889,2025-02-05
35456,山形県,長井（ナガイ）,,2025,2,5,14,0,-1.7,4,9.0,42.0,4.0,-4.3,-4.3,99.0,0.0,,,0.0,7.2,4,2025,1,21,36.9,8,1978,8,2,17.6,8,2024,2,19,1976,2025-02-05
35486,山形県,小国（オグニ）,,2025,2,5,14,0,-0.5,4,10.0,1.0,4.0,-3.4,-3.7,99.0,0.0,,,0.0,7.9,4,2025,1,21,38.0,8,1994,8,16,17.3,8,1993,2,7,1976,2025-02-05
35511,山形県,高畠（タカハタ）,,2025,2,5,14,0,-2.4,4,9.0,29.0,4.0,-4.9,-3.8,99.0,0.0,,,0.0,7.3,4,2025,1,21,38.1,8,2018,8,22,19.0,8,2024,2,19,1976,2025-02-05
35541,山形県,高峰（タカミネ）,,2025,2,5,14,0,-2.3,4,11.0,12.0,4.0,-4.5,-4.1,99.0,0.0,,,0.0,7.3,4,2025,1,21,37.9,8,2018,8,23,16.8,8,1993,2,7,1976,2025-02-05
35552,山形県,米沢（ヨネザワ）,,2025,2,5,14,0,-1.6,4,13.0,31.0,4.0,-4.3,-2.4,99.0,0.0,,,0.0,8.3,4,2025,1,21,37.7,8,2018,8,23,17.5,8,2024,2,18,1976,2025-02-05
36056,福島県,茂庭（モニワ）,,2025,2,5,14,0,-1.4,4,11.0,21.0,4.0,-5.3,-4.4,99.0,0.0,,,0.0,9.9,4,2025,1,20,36.3,8,1994,8,8,18.4,8,2024,2,15,1992,2025-02-05
36066,福島県,梁川（ヤナガワ）,,2025,2,5,14,0,2.6,4,11.0,26.0,4.0,-3.7,-4.0,99.0,0.0,,,0.0,13.3,4,2025,1,20,40.0,8,2023,8,5,21.5,8,2004,2,22,1976,2025-02-05
36106,福島県,桧原（ヒバラ）,,2025,2,5,14,0,-6.0,4,10.0,51.0,4.0,-5.3,-4.7,99.0,0.0,,,0.0,5.3,4,2025,1,20,32.0,8,1985,8,15,13.9,8,2004,2,22,1978,2025-02-05
36127,福島県,福島（フクシマ）,47595.0,2025,2,5,14,0,2.5,4,10.0,20.0,4.0,-3.6,-3.2,99.0,0.0,,,0.0,12.3,4,2025,1,20,39.1,8,2023,8,5,21.4,8,2016,2,14,1889,2025-02-05
36151,福島県,相馬（ソウマ）,,2025,2,5,14,0,4.1,4,11.0,52.0,4.0,-2.5,-4.3,99.0,0.0,,,0.0,13.1,4,2025,1,19,37.6,8,2018,8,23,22.7,8,2016,2,14,1976,2025-02-05
36176,福島県,喜多方（キタカタ）,,2025,2,5,14,0,-2.0,4,10.0,46.0,4.0,-4.6,-3.8,99.0,0.0,,,0.0,6.0,4,2025,1,22,38.0,8,1994,8,16,19.6,8,2024,2,19,1976,2025-02-05
36196,福島県,鷲倉（ワシクラ）,,2025,2,5,14,0,-9.2,4,13.0,12.0,4.0,-5.3,-5.1,99.0,0.0,,,0.0,3.3,4,2025,1,6,29.4,4,2021,8,6,11.8,8,2004,2,22,1976,2025-02-05
36221,福島県,飯舘（イイタテ）,,2025,2,5,14,0,-0.4,4,12.0,44.0,4.0,-3.9,-3.0,99.0,0.0,,,0.0,9.6,4,2025,1,20,36.0,8,2014,8,5,19.8,8,2004,2,22,1976,2025-02-05
36251,福島県,西会津（ニシアイヅ）,,2025,2,5,14,0,-1.9,4,10.0,17.0,4.0,-4.8,-3.5,99.0,0.0,,,0.0,7.6,4,2025,1,21,36.9,8,1994,8,14,19.0,8,2024,2,19,1976,2025-02-05
36276,福島県,猪苗代（イナワシロ）,,2025,2,5,14,0,-4.6,4,10.0,59.0,4.0,-5.7,-5.7,99.0,0.0,,,0.0,6.7,4,2025,1,20,34.2,8,1994,8,15,15.7,8,2024,2,15,1976,2025-02-05
36291,福島県,二本松（ニホンマツ）,,2025,2,5,14,0,0.6,4,11.0,23.0,4.0,-5.0,-4.7,99.0,0.0,,,0.0,12.7,4,2025,1,23,38.0,8,2020,8,11,19.9,8,2016,2,14,1976,2025-02-05
36342,福島県,金山（カネヤマ）,,2025,2,5,14,0,-2.7,4,14.0,0.0,4.0,-5.0,-3.6,99.0,0.0,,,0.0,7.1,4,2025,1,23,35.5,8,2012,8,2,15.1,8,2021,2,22,2007,2025-02-05
36361,福島県,若松（ワカマツ）,47570.0,2025,2,5,14,0,-2.2,4,12.0,1.0,4.0,-5.2,-4.4,99.0,0.0,,,0.0,7.8,4,2025,1,7,38.5,8,2018,8,23,20.2,8,2024,2,19,1953,2025-02-05
36391,福島県,船引（フネヒキ）,,2025,2,5,14,0,-1.3,4,12.0,32.0,4.0,-4.8,-4.5,99.0,0.0,,,0.0,10.5,4,2025,1,20,35.7,8,2020,8,11,18.6,8,2004,2,22,1976,2025-02-05
36411,福島県,浪江（ナミエ）,,2025,2,5,14,0,4.4,4,12.0,40.0,4.0,-2.9,-3.3,99.0,0.0,,,0.0,13.5,4,2025,1,28,38.8,8,2024,7,7,22.2,8,2016,2,14,1976,2025-02-05
36426,福島県,只見（タダミ）,,2025,2,5,14,0,-2.4,4,13.0,37.0,4.0,-4.6,-4.4,99.0,0.0,,,0.0,7.1,4,2025,1,20,36.5,8,2023,8,31,15.7,8,1993,2,6,1976,2025-02-05
36476,福島県,郡山（コオリヤマ）,,2025,2,5,14,0,-0.9,4,13.0,18.0,4.0,-5.4,-5.1,99.0,0.0,,,0.0,11.6,4,2025,1,23,36.6,8,2023,8,5,18.6,8,2004,2,22,1976,2025-02-05
36501,福島県,川内（カワウチ）,,2025,2,5,14,0,1.0,4,13.0,43.0,4.0,-3.3,-3.7,99.0,0.0,,,0.0,11.9,4,2025,1,20,36.7,8,2024,7,7,20.1,8,2004,2,22,1976,2025-02-05
36536,福島県,南郷（ナンゴウ）,,2025,2,5,14,0,-2.9,4,12.0,7.0,4.0,-4.1,-3.5,99.0,0.0,,,0.0,6.3,4,2025,1,20,36.6,8,1994,8,16,15.1,8,2024,2,19,1976,2025-02-05
36562,福島県,湯本（ユモト）,,2025,2,5,14,0,-3.1,4,13.0,39.0,4.0,-4.6,-4.2,99.0,0.0,,,0.0,7.5,4,2025,1,20,34.4,8,1994,8,8,14.7,8,2020,2,13,1988,2025-02-05
36581,福島県,玉川（タマカワ）,,2025,2,5,14,0,0.4,4,13.0,59.0,4.0,-3.7,-4.3,99.0,0.0,,,0.0,11.4,4,2025,1,20,35.5,8,2014,8,6,19.0,8,2004,2,22,2003,2025-02-05
36591,福島県,小野新町（オノニイマチ）,,2025,2,5,14,0,0.1,4,13.0,59.0,4.0,-3.8,-3.6,99.0,0.0,,,0.0,10.5,4,2025,1,23,36.0,8,2020,8,11,19.3,8,2004,2,22,1976,2025-02-05
36611,福島県,広野（ヒロノ）,,2025,2,5,14,0,6.0,4,14.0,0.0,4.0,-1.7,-2.7,99.0,0.0,,,0.0,13.8,4,2025,1,7,37.3,8,2024,7,22,22.8,8,1993,2,7,1976,2025-02-05
36641,福島県,田島（タジマ）,,2025,2,5,14,0,-1.5,4,13.0,7.0,4.0,-3.5,-2.7,99.0,0.0,,,0.0,7.8,4,2025,1,23,35.0,8,2018,7,20,16.2,8,1987,2,11,1976,2025-02-05
36667,福島県,白河（シラカワ）,47597.0,2025,2,5,14,0,4.1,4,13.0,44.0,4.0,-0.9,-0.8,99.0,0.0,,,0.0,12.7,4,2025,1,20,36.0,8,2024,7,7,19.9,8,2021,2,22,1940,2025-02-05
36676,福島県,石川（イシカワ）,,2025,2,5,14,0,3.9,4,13.0,38.0,4.0,-1.5,-2.6,99.0,0.0,,,0.0,12.8,4,2025,1,20,37.8,8,2024,7,7,20.3,8,2021,2,22,1976,2025-02-05
36716,福島県,桧枝岐（ヒノエマタ）,,2025,2,5,14,0,-2.8,4,13.0,36.0,4.0,-2.8,-1.4,99.0,0.0,,,0.0,6.9,4,2025,1,6,32.5,8,2015,7,14,14.0,8,1979,2,21,1978,2025-02-05
36821,福島県,東白川（ヒガシシラカワ）,,2025,2,5,14,0,4.6,4,13.0,35.0,4.0,-1.7,-2.1,99.0,0.0,,,0.0,12.9,4,2025,1,20,37.0,8,2024,7,23,20.7,8,2021,2,22,1976,2025-02-05
36836,福島県,山田（ヤマダ）,,2025,2,5,14,0,4.8,4,12.0,55.0,4.0,-3.6,-3.7,99.0,0.0,,,0.0,14.5,4,2025,1,23,36.5,8,2010,9,7,22.5,8,2024,2,20,2009,2025-02-05
36846,福島県,小名浜（オナハマ）,47598.0,2025,2,5,14,0,5.7,4,10.0,38.0,4.0,-2.7,-4.0,99.0,0.0,,,0.0,13.7,4,2025,1,14,37.7,8,1994,8,3,24.8,8,1962,2,11,1910,2025-02-05
40046,茨城県,北茨城（キタイバラキ）,,2025,2,5,14,0,7.8,4,13.0,22.0,4.0,-0.3,-1.6,99.0,0.0,,,0.0,14.1,4,2025,1,7,35.7,8,1996,8,15,22.8,8,1993,2,7,1978,2025-02-05
40061,茨城県,大子（ダイゴ）,,2025,2,5,14,0,6.3,4,13.0,59.0,4.0,-2.2,-3.1,99.0,0.0,,,0.0,14.1,4,2025,1,20,39.0,8,2019,8,9,22.5,8,1993,2,7,1978,2025-02-05
40091,茨城県,常陸大宮（ヒタチオオミヤ）,,2025,2,5,14,0,8.6,4,13.0,20.0,4.0,-0.4,-0.5,1.0,3.0,,,0.0,14.9,4,2025,1,28,37.3,8,2024,7,22,23.0,8,2009,2,14,1978,2025-02-05
40136,茨城県,日立（ヒタチ）,,2025,2,5,14,0,8.0,4,13.0,36.0,4.0,-0.7,-1.1,99.0,0.0,,,0.0,15.4,4,2025,1,28,37.4,8,1997,7,5,23.2,8,2009,2,14,1978,2025-02-05
40191,茨城県,笠間（カサマ）,,2025,2,5,14,0,8.2,4,12.0,44.0,4.0,-1.1,-1.8,99.0,0.0,,,0.0,14.2,4,2025,1,28,38.2,8,2007,8,15,23.6,8,2009,2,14,1978,2025-02-05
40201,茨城県,水戸（ミト）,47629.0,2025,2,5,14,0,7.9,4,13.0,55.0,4.0,-1.4,-3.0,99.0,0.0,,,0.0,14.8,4,2025,1,28,38.4,8,1997,7,5,24.3,8,2009,2,14,1897,2025-02-05
40221,茨城県,古河（コガ）,,2025,2,5,14,0,8.8,4,13.0,56.0,4.0,-0.7,-1.9,99.0,0.0,,,0.0,14.7,4,2025,1,7,40.0,8,2024,7,29,23.4,8,1987,2,12,1978,2025-02-05
40231,茨城県,下館（シモダテ）,,2025,2,5,14,0,8.4,4,13.0,44.0,4.0,-0.9,-1.5,99.0,0.0,,,0.0,13.9,4,2025,1,28,38.5,8,2022,7,1,23.7,8,2009,2,14,2001,2025-02-05
40281,茨城県,下妻（シモツマ）,,2025,2,5,14,0,7.5,4,13.0,57.0,4.0,-1.7,-2.4,99.0,0.0,,,0.0,13.5,4,2025,1,20,37.7,8,2007,8,15,23.8,8,1987,2,12,1978,2025-02-05
40311,茨城県,鉾田（ホコタ）,,2025,2,5,14,0,8.1,4,13.0,41.0,4.0,-0.9,-3.2,99.0,0.0,,,0.0,14.9,4,2025,1,20,37.8,8,2024,8,12,24.2,8,2009,2,14,1978,2025-02-05
40336,茨城県,つくば（ツクバ）(館野（タテノ）),47646.0,2025,2,5,14,0,9.3,4,13.0,13.0,4.0,-0.3,-1.4,1.0,3.0,,,0.0,14.5,4,2025,1,23,37.8,8,1996,8,15,24.5,8,2009,2,14,1921,2025-02-05
40341,茨城県,土浦（ツチウラ）,,2025,2,5,14,0,8.6,4,12.0,52.0,4.0,-0.9,-2.5,99.0,0.0,,,0.0,14.3,4,2025,1,23,38.5,8,2007,8,16,24.1,8,2009,2,14,1978,2025-02-05
40406,茨城県,鹿嶋（カシマ）,,2025,2,5,14,0,8.2,4,13.0,35.0,4.0,-1.2,-1.8,99.0,0.0,,,0.0,15.3,4,2025,1,23,37.2,8,2022,8,2,23.6,8,2009,2,14,1978,2025-02-05
40426,茨城県,龍ケ崎（リュウガサキ）,,2025,2,5,14,0,8.1,4,12.0,18.0,4.0,-1.5,-3.5,99.0,0.0,,,0.0,14.6,4,2025,1,20,38.5,8,2007,8,16,24.4,8,2009,2,14,1978,2025-02-05
41011,栃木県,那須高原（ナスコウゲン）,,2025,2,5,14,0,-0.1,4,13.0,47.0,4.0,-2.0,-2.0,99.0,0.0,,,0.0,9.7,4,2025,1,20,33.2,8,2023,7,16,16.8,8,2021,2,22,1977,2025-02-05
41076,栃木県,五十里（イカリ）,,2025,2,5,14,0,1.1,4,13.0,54.0,4.0,-1.8,-0.6,99.0,0.0,,,0.0,8.4,4,2025,1,20,35.1,8,2023,7,30,17.7,8,2021,2,22,1977,2025-02-05
41091,栃木県,黒磯（クロイソ）,,2025,2,5,14,0,5.0,4,13.0,42.0,4.0,-0.7,-0.3,99.0,0.0,,,0.0,13.0,4,2025,1,20,35.4,8,2023,7,16,20.6,8,1993,2,7,1977,2025-02-05
41116,栃木県,土呂部（ドロブ）,,2025,2,5,14,0,-0.7,4,13.0,52.0,4.0,-2.3,-0.1,99.0,0.0,,,0.0,7.1,4,2025,1,20,33.3,8,2018,8,5,16.7,8,1987,2,11,1977,2025-02-05
41141,栃木県,大田原（オオタワラ）,,2025,2,5,14,0,6.6,4,13.0,55.0,4.0,-1.0,-2.0,99.0,0.0,,,0.0,13.6,4,2025,1,20,37.8,8,2023,7,26,21.5,8,1993,2,7,1976,2025-02-05
41166,栃木県,奥日光（オクニッコウ）(日光（ニツコウ）),47690.0,2025,2,5,14,0,-4.0,4,13.0,38.0,4.0,-3.7,-2.2,99.0,0.0,,,0.0,4.8,4,2025,1,20,30.8,8,2018,8,5,14.0,8,2016,2,14,1944,2025-02-05
41172,栃木県,日光東町（ニッコウヒガシマチ）,,2025,2,5,14,0,3.7,4,13.0,54.0,4.0,,-2.2,,,,,0.0,11.3,4,2025,1,7,34.3,8,2024,8,17,18.0,8,2024,2,20,2022,2025-02-05
41181,栃木県,塩谷（シオヤ）,,2025,2,5,14,0,7.0,4,13.0,6.0,4.0,-0.3,-0.4,1.0,3.0,,,0.0,14.2,4,2025,1,20,36.6,8,2007,8,15,21.1,8,2009,2,14,1978,2025-02-05
41247,栃木県,那須烏山（ナスカラスヤマ）,,2025,2,5,14,0,7.6,4,12.0,52.0,4.0,-0.9,-1.5,99.0,0.0,,,0.0,14.1,4,2025,1,20,37.6,8,2013,8,11,21.7,8,2024,2,20,2009,2025-02-05
41271,栃木県,鹿沼（カヌマ）,,2025,2,5,14,0,6.0,4,13.0,52.0,4.0,-2.2,-2.1,99.0,0.0,,,0.0,13.8,4,2025,1,20,37.1,8,2020,8,11,21.6,8,2021,2,21,1978,2025-02-05
41277,栃木県,宇都宮（ウツノミヤ）,47615.0,2025,2,5,14,0,8.7,4,13.0,43.0,4.0,-0.2,-0.5,2.0,1.0,,,0.0,14.3,4,2025,1,20,38.7,8,1997,7,5,24.6,8,1962,2,11,1890,2025-02-05
41331,栃木県,真岡（モオカ）,,2025,2,5,14,0,7.1,4,13.0,27.0,4.0,-1.7,-2.9,99.0,0.0,,,0.0,13.4,4,2025,1,20,38.6,8,2024,8,11,23.3,8,2024,2,20,1978,2025-02-05
41361,栃木県,佐野（サノ）,,2025,2,5,14,0,8.5,4,13.0,10.0,4.0,-1.1,-2.2,99.0,0.0,,,0.0,14.7,4,2025,1,20,41.0,8,2024,7,29,23.3,8,2024,2,20,1978,2025-02-05
41376,栃木県,小山（オヤマ）,,2025,2,5,14,0,8.8,4,13.0,44.0,4.0,-0.8,-1.8,99.0,0.0,,,0.0,14.6,4,2025,1,7,38.9,8,2024,7,29,23.8,8,2024,2,20,1978,2025-02-05
42046,群馬県,藤原（フジワラ）,,2025,2,5,14,0,0.0,4,13.0,33.0,4.0,-1.5,0.2,99.0,0.0,,,0.0,7.3,4,2025,1,23,35.0,8,1994,8,15,15.8,8,1979,2,21,1977,2025-02-05
42091,群馬県,みなかみ（ミナカミ）,,2025,2,5,14,0,2.0,4,13.0,56.0,4.0,-0.8,0.3,99.0,0.0,,,0.0,9.6,4,2025,1,20,36.6,8,2022,7,2,17.8,8,1979,2,21,1977,2025-02-05
42121,群馬県,草津（クサツ）,,2025,2,5,14,0,-4.2,4,12.0,30.0,4.0,-3.9,-1.3,99.0,0.0,,,0.0,7.1,4,2025,1,20,32.0,8,2022,6,29,15.5,8,2016,2,14,1977,2025-02-05
42146,群馬県,沼田（ヌマタ）,,2025,2,5,14,0,4.2,4,13.0,56.0,4.0,-1.0,-0.3,99.0,0.0,,,0.0,13.0,4,2025,1,20,38.1,8,2020,8,11,20.6,8,2021,2,22,1977,2025-02-05
42186,群馬県,中之条（ナカノジョウ）,,2025,2,5,14,0,5.7,4,13.0,51.0,4.0,-1.4,0.0,99.0,0.0,,,0.0,14.6,4,2025,1,20,38.0,8,2020,8,11,22.6,8,1987,2,11,1977,2025-02-05
42221,群馬県,田代（タシロ）,,2025,2,5,14,0,-5.3,4,13.0,33.0,4.0,-4.9,-1.9,99.0,0.0,,,0.0,6.7,4,2025,1,20,31.0,8,2022,6,29,15.2,8,1996,2,14,1977,2025-02-05
42251,群馬県,前橋（マエバシ）,47624.0,2025,2,5,14,0,7.5,4,13.0,51.0,4.0,-1.8,-0.2,99.0,0.0,,,0.0,15.3,4,2025,1,20,40.0,8,2001,7,24,24.6,8,1930,2,24,1896,2025-02-05
42266,群馬県,桐生（キリュウ）,,2025,2,5,14,0,7.8,4,13.0,59.0,4.0,-1.3,-2.0,99.0,0.0,,,0.0,15.8,4,2025,1,20,40.5,8,2020,8,11,25.0,8,2024,2,20,1976,2025-02-05
42286,群馬県,上里見（カミサトミ）,,2025,2,5,14,0,9.2,4,12.0,45.0,4.0,-0.3,-0.6,1.0,3.0,,,0.0,15.1,4,2025,1,2,40.3,8,1998,7,4,25.7,8,2024,2,20,1977,2025-02-05
42302,群馬県,伊勢崎（イセサキ）,,2025,2,5,14,0,7.7,4,12.0,35.0,4.0,-1.9,-1.4,99.0,0.0,,,0.0,14.8,4,2025,1,7,40.5,8,2020,8,11,25.4,8,2024,2,20,1998,2025-02-05
42326,群馬県,西野牧（ニシノマキ）,,2025,2,5,14,0,5.2,4,11.0,46.0,4.0,-2.3,-1.3,99.0,0.0,,,0.0,14.6,4,2025,1,20,39.8,8,2024,7,7,22.4,8,1987,2,11,1977,2025-02-05
42366,群馬県,館林（タテバヤシ）,,2025,2,5,14,0,8.2,4,13.0,44.0,4.0,-1.7,-1.4,99.0,0.0,,,0.0,14.7,4,2025,1,20,40.3,8,2007,8,16,24.0,8,1993,2,7,1978,2025-02-05
42396,群馬県,神流（カンナ）,,2025,2,5,14,0,4.9,4,13.0,16.0,4.0,-3.0,-2.4,99.0,0.0,,,0.0,13.0,4,2025,1,20,38.7,8,1994,7,5,23.2,8,2009,2,14,1977,2025-02-05
43051,埼玉県,寄居（ヨリイ）,,2025,2,5,14,0,7.7,4,13.0,25.0,4.0,-1.7,-0.9,99.0,0.0,,,0.0,13.9,4,2025,1,20,39.9,8,2018,7,23,24.1,8,2024,2,20,1977,2025-02-05
43056,埼玉県,熊谷（クマガヤ）,47626.0,2025,2,5,14,0,9.7,4,13.0,57.0,4.0,-0.3,-0.5,1.0,3.0,,,0.0,15.0,4,2025,1,7,41.1,8,2018,7,23,27.0,8,1962,2,11,1896,2025-02-05
43126,埼玉県,久喜（クキ）,,2025,2,5,14,0,9.4,4,12.0,4.0,4.0,-0.3,-1.4,1.0,3.0,,,0.0,14.7,4,2025,1,7,39.2,8,2022,7,1,24.2,8,1993,2,7,1977,2025-02-05
43156,埼玉県,秩父（チチブ）,47641.0,2025,2,5,14,0,7.4,4,13.0,37.0,4.0,-1.8,-1.2,99.0,0.0,,,0.0,14.0,4,2025,1,20,39.3,8,1994,8,7,26.6,8,1962,2,11,1926,2025-02-05
43171,埼玉県,鳩山（ハトヤマ）,,2025,2,5,14,0,8.9,4,13.0,59.0,4.0,-1.0,-1.5,99.0,0.0,,,0.0,14.9,4,2025,1,2,40.2,8,2020,8,11,24.9,8,2024,2,20,1977,2025-02-05
43241,埼玉県,さいたま（サイタマ）,,2025,2,5,14,0,8.1,4,13.0,55.0,4.0,-1.6,-2.1,99.0,0.0,,,0.0,14.3,4,2025,1,28,39.3,8,2018,7,23,25.5,8,1987,2,12,1977,2025-02-05
43256,埼玉県,越谷（コシガヤ）,,2025,2,5,14,0,8.5,4,13.0,46.0,4.0,-1.4,-2.7,99.0,0.0,,,0.0,14.1,4,2025,1,28,40.4,8,2007,8,16,24.3,8,2024,2,20,1977,2025-02-05
43266,埼玉県,所沢（トコロザワ）,,2025,2,5,14,0,8.1,4,13.0,7.0,4.0,-1.3,-0.8,99.0,0.0,,,0.0,14.6,4,2025,1,20,39.8,8,2018,7,23,24.2,8,2024,2,20,1977,2025-02-05
44046,東京都,小河内（オゴウチ）,,2025,2,5,14,0,3.8,4,12.0,57.0,4.0,-3.2,-3.2,99.0,0.0,,,0.0,11.1,4,2025,1,20,36.4,8,2002,8,8,20.9,8,1987,2,11,1976,2025-02-05
44056,東京都,青梅（オウメ）,,2025,2,5,14,0,8.4,4,12.0,54.0,4.0,-1.0,-0.9,99.0,0.0,,,0.0,14.6,4,2025,1,20,40.8,8,2018,7,23,24.5,8,2024,2,20,1976,2025-02-05
44071,東京都,練馬（ネリマ）,,2025,2,5,14,0,9.7,4,12.0,38.0,4.0,-0.4,-0.7,1.0,3.0,,,0.0,14.8,4,2025,1,15,39.6,8,2018,7,23,24.8,8,2016,2,14,2012,2025-02-05
44112,東京都,八王子（ハチオウジ）,,2025,2,5,14,0,10.0,4,12.0,59.0,4.0,0.3,-0.3,2.0,1.0,,,0.0,15.2,4,2025,1,15,39.3,8,2020,8,11,24.0,8,1987,2,12,1976,2025-02-05
44116,東京都,府中（フチュウ）,,2025,2,5,14,0,8.7,4,13.0,16.0,4.0,-1.5,-2.5,99.0,0.0,,,0.0,15.2,4,2025,1,15,39.2,8,2024,7,8,24.2,8,2024,2,20,1976,2025-02-05
44132,東京都,東京（トウキョウ）,47662.0,2025,2,5,14,0,9.0,4,13.0,22.0,4.0,-1.2,-2.2,99.0,0.0,,,0.0,15.6,4,2025,1,15,39.5,8,2004,7,20,24.9,8,1930,2,24,1875,2025-02-05
44136,東京都,江戸川臨海（エドガワリンカイ）,,2025,2,5,14,0,9.2,4,13.0,40.0,4.0,-0.8,-1.5,99.0,0.0,,,0.0,15.4,4,2025,1,15,38.0,8,2004,7,21,24.1,8,2009,2,14,1976,2025-02-05
44166,東京都,羽田（ハネダ）,,2025,2,5,14,0,9.6,4,13.0,4.0,4.0,-0.3,-1.3,1.0,3.0,,,0.0,15.3,4,2025,1,28,38.2,8,2013,8,11,22.6,8,2024,2,20,1993,2025-02-05
44172,東京都,大島（オオシマ）,47675.0,2025,2,5,14,0,7.3,4,13.0,44.0,4.0,-3.8,-3.6,99.0,0.0,,,0.0,17.7,4,2025,1,6,35.9,8,2020,8,16,21.0,8,2019,2,20,1938,2025-02-05
44173,東京都,大島北ノ山（オオシマキタノヤマ）,,2025,2,5,14,0,7.2,4,12.0,20.0,4.0,-3.7,-3.3,99.0,0.0,,,0.0,17.0,4,2025,1,6,34.4,8,2020,8,16,21.0,8,2009,2,14,2003,2025-02-05
44207,東京都,新島（ニイジマ）,,2025,2,5,14,0,6.9,4,12.0,4.0,4.0,-4.7,-4.3,99.0,0.0,,,0.0,18.5,4,2025,1,6,34.9,8,2024,7,29,21.1,8,2024,2,20,2003,2025-02-05
44216,東京都,神津島（コウヅシマ）,,2025,2,5,14,0,6.0,4,11.0,22.0,4.0,-4.7,-4.6,99.0,0.0,,,0.0,18.1,4,2025,1,6,33.7,8,2018,7,23,20.1,8,2024,2,20,2003,2025-02-05
44226,東京都,三宅島（ミヤケジマ）,47677.0,2025,2,5,14,0,7.4,4,0.0,29.0,4.0,-4.4,-6.1,99.0,0.0,,,0.0,18.0,4,2025,1,6,33.1,8,2024,7,29,21.8,8,1959,2,20,1942,2025-02-05
44228,東京都,三宅坪田（ミヤケツボタ）,,2025,2,5,14,0,7.6,4,11.0,3.0,4.0,-5.0,-5.6,99.0,0.0,,,0.0,18.8,4,2025,1,6,36.7,8,2024,7,30,21.7,8,2024,2,20,2001,2025-02-05
44262,東京都,八重見ヶ原（ヤエミガハラ）,,2025,2,5,14,0,8.5,4,13.0,54.0,4.0,-5.0,-5.0,99.0,0.0,,,0.0,19.5,4,2025,1,20,36.2,8,2024,7,30,21.4,8,2010,2,10,2003,2025-02-05
44263,東京都,八丈島（ハチジョウジマ）,47678.0,2025,2,5,14,0,8.0,4,13.0,49.0,4.0,-4.9,-4.4,99.0,0.0,,,0.0,18.0,4,2025,1,6,35.5,8,2024,7,30,21.9,8,2009,2,15,1906,2025-02-05
44301,東京都,父島（チチジマ）,47971.0,2025,2,5,14,0,19.1,4,10.0,34.0,4.0,-1.1,-1.8,99.0,0.0,,,0.0,23.3,4,2025,1,7,34.1,8,2024,7,14,25.4,8,1969,2,19,1968,2025-02-05
45061,千葉県,我孫子（アビコ）,,2025,2,5,14,0,9.2,4,13.0,55.0,4.0,0.0,-1.5,2.0,1.0,,,0.0,14.6,4,2025,1,15,39.2,8,2013,8,11,23.2,8,2024,2,20,2010,2025-02-05
45081,千葉県,香取（カトリ）,,2025,2,5,14,0,8.1,4,13.0,17.0,4.0,-1.1,-1.6,99.0,0.0,,,0.0,14.8,4,2025,1,23,37.6,8,2022,8,3,24.5,8,2009,2,14,1999,2025-02-05
45106,千葉県,船橋（フナバシ）,,2025,2,5,14,0,8.2,4,13.0,34.0,4.0,-1.4,-2.6,99.0,0.0,,,0.0,14.9,4,2025,1,15,39.0,8,2013,8,11,24.7,8,2009,2,14,1999,2025-02-05
45116,千葉県,佐倉（サクラ）,,2025,2,5,14,0,8.9,4,13.0,14.0,4.0,-0.8,-1.8,99.0,0.0,,,0.0,15.9,4,2025,1,23,39.1,8,1995,8,20,24.3,8,2009,2,14,1978,2025-02-05
45121,千葉県,成田（ナリタ）,,2025,2,5,14,0,8.5,4,14.0,0.0,4.0,-1.2,-2.2,99.0,0.0,,,0.0,14.5,4,2025,1,23,38.4,8,2004,7,20,24.4,8,2009,2,14,2003,2025-02-05
45148,千葉県,銚子（チョウシ）,47648.0,2025,2,5,14,0,8.9,4,13.0,59.0,4.0,-1.0,-2.4,99.0,0.0,,,0.0,17.6,4,2025,1,6,35.9,8,2024,8,11,24.0,8,2009,2,14,1887,2025-02-05
45181,千葉県,横芝光（ヨコシバヒカリ）,,2025,2,5,14,0,9.5,4,13.0,24.0,4.0,-1.0,-1.5,99.0,0.0,,,0.0,15.7,4,2025,1,20,38.1,8,1995,8,28,25.3,8,2009,2,14,1978,2025-02-05
45212,千葉県,千葉（チバ）,47682.0,2025,2,5,14,0,9.0,4,13.0,57.0,4.0,-1.2,-2.6,99.0,0.0,,,0.0,14.5,4,2025,1,24,38.5,8,2015,8,7,24.7,8,2009,2,14,1966,2025-02-05
45261,千葉県,茂原（モバラ）,,2025,2,5,14,0,9.3,4,13.0,17.0,4.0,-1.5,-1.6,99.0,0.0,,,0.0,15.5,4,2025,1,23,39.9,8,2013,8,11,25.7,8,2009,2,14,1978,2025-02-05
45282,千葉県,木更津（キサラヅ）,,2025,2,5,14,0,8.3,4,13.0,56.0,4.0,-1.6,-1.8,99.0,0.0,,,0.0,14.4,4,2025,1,20,38.2,8,2024,7,29,23.3,8,2009,2,14,2006,2025-02-05
45291,千葉県,牛久（ウシク）,,2025,2,5,14,0,9.7,4,13.0,24.0,4.0,-1.0,-2.0,99.0,0.0,,,0.0,16.4,4,2025,1,20,40.2,8,2004,7,20,24.6,8,2009,2,14,1978,2025-02-05
45326,千葉県,坂畑（サカハタ）,,2025,2,5,14,0,8.2,4,12.0,38.0,4.0,-1.6,-3.1,99.0,0.0,,,0.0,16.7,4,2025,1,20,37.4,8,2024,7,22,23.6,8,2009,2,14,1978,2025-02-05
45361,千葉県,鴨川（カモガワ）,,2025,2,5,14,0,9.6,4,11.0,17.0,4.0,-1.6,-2.0,99.0,0.0,,,0.0,17.7,4,2025,1,6,37.3,8,2024,8,11,24.8,8,2009,2,14,1978,2025-02-05
45371,千葉県,勝浦（カツウラ）,47674.0,2025,2,5,14,0,8.9,4,12.0,58.0,4.0,-2.1,-2.7,99.0,0.0,,,0.0,18.3,4,2025,1,6,34.9,8,1924,8,23,21.7,8,1959,2,20,1906,2025-02-05
45401,千葉県,館山（タテヤマ）,47672.0,2025,2,5,14,0,8.9,4,13.0,28.0,4.0,-2.5,-2.6,99.0,0.0,,,0.0,17.8,4,2025,1,6,36.6,8,1994,8,3,22.7,8,2009,2,14,1968,2025-02-05
46091,神奈川県,海老名（エビナ）,,2025,2,5,14,0,8.9,4,11.0,27.0,4.0,-1.9,-1.7,99.0,0.0,,,0.0,15.5,4,2025,1,20,38.1,8,2016,8,9,25.3,8,2009,2,14,1978,2025-02-05
46106,神奈川県,横浜（ヨコハマ）,47670.0,2025,2,5,14,0,9.2,4,12.0,25.0,4.0,-1.1,-0.9,99.0,0.0,,,0.0,14.8,4,2025,1,15,37.4,8,2016,8,9,24.8,8,2009,2,14,1896,2025-02-05
46141,神奈川県,辻堂（ツジドウ）,,2025,2,5,14,0,9.3,4,13.0,33.0,4.0,-1.6,-3.0,99.0,0.0,,,0.0,15.1,4,2025,1,28,37.0,8,2024,8,15,22.1,8,2009,2,14,1992,2025-02-05
46166,神奈川県,小田原（オダワラ）,,2025,2,5,14,0,8.6,4,11.0,6.0,4.0,-2.2,-4.3,99.0,0.0,,,0.0,14.8,4,2025,1,7,38.0,8,2023,8,4,26.1,8,2009,2,14,1978,2025-02-05
46211,神奈川県,三浦（ミウラ）,,2025,2,5,14,0,8.2,4,12.0,47.0,4.0,-2.5,-2.9,99.0,0.0,,,0.0,15.1,4,2025,1,20,36.4,8,2004,7,21,21.8,8,2009,2,14,1978,2025-02-05
48031,長野県,野沢温泉（ノザワオンセン）,,2025,2,5,14,0,-1.3,4,12.0,44.0,4.0,-3.0,-1.0,99.0,0.0,,,0.0,6.7,4,2025,1,20,36.4,8,1994,8,13,16.2,8,2024,2,19,1978,2025-02-05
48061,長野県,信濃町（シナノマチ）,,2025,2,5,14,0,-3.0,4,12.0,56.0,4.0,-4.4,-1.8,99.0,0.0,,,0.0,7.0,4,2025,1,20,34.6,8,2018,8,22,16.6,8,1993,2,6,1978,2025-02-05
48066,長野県,飯山（イイヤマ）,,2025,2,5,14,0,1.4,4,12.0,42.0,4.0,-1.3,0.9,99.0,0.0,,,0.0,7.6,4,2025,1,20,37.6,8,1994,8,14,17.9,8,2024,2,19,1978,2025-02-05
48141,長野県,白馬（ハクバ）,,2025,2,5,14,0,-5.0,4,12.0,19.0,4.0,-6.6,-3.9,99.0,0.0,,,0.0,6.4,4,2025,1,19,36.2,8,1994,8,16,16.9,8,1987,2,11,1978,2025-02-05
48156,長野県,長野（ナガノ）,47610.0,2025,2,5,14,0,0.0,4,12.0,56.0,4.0,-4.1,-2.2,99.0,0.0,,,0.0,11.0,4,2025,2,3,38.7,8,1994,8,16,22.5,8,1912,2,28,1889,2025-02-05
48191,長野県,大町（オオマチ）,,2025,2,5,14,0,-2.7,4,12.0,14.0,4.0,-4.6,-1.5,99.0,0.0,,,0.0,8.4,4,2025,1,19,35.5,8,2018,8,5,18.0,8,2021,2,22,1978,2025-02-05
48196,長野県,信州新町（シンシュウシンマチ）,,2025,2,5,14,0,-1.2,4,13.0,34.0,4.0,-5.1,-4.6,99.0,0.0,,,0.0,10.8,4,2025,1,20,38.6,8,1994,8,16,21.0,8,1993,2,6,1978,2025-02-05
48216,長野県,菅平（スガダイラ）,,2025,2,5,14,0,-5.8,4,12.0,8.0,4.0,-4.4,-2.6,99.0,0.0,,,0.0,5.6,4,2025,1,19,30.4,8,1994,8,15,13.9,8,1996,2,14,1978,2025-02-05
48256,長野県,上田（ウエダ）,,2025,2,5,14,0,3.3,4,12.0,56.0,4.0,-2.5,-1.5,99.0,0.0,,,0.0,13.0,4,2025,1,19,38.8,8,2022,7,2,22.1,8,2016,2,14,1976,2025-02-05
48296,長野県,穂高（ホタカ）,,2025,2,5,14,0,1.1,4,12.0,41.0,4.0,-3.6,-3.7,99.0,0.0,,,0.0,12.2,4,2025,1,19,37.8,8,2013,7,12,20.6,8,2016,2,14,1978,2025-02-05
48321,長野県,東御（トウミ）,,2025,2,5,14,0,-1.2,4,13.0,20.0,4.0,-3.7,-2.1,99.0,0.0,,,0.0,9.5,4,2025,1,19,33.6,8,2018,7,15,18.1,8,1996,2,14,1978,2025-02-05
48331,長野県,軽井沢（カルイザワ）,47622.0,2025,2,5,14,0,-2.5,4,14.0,0.0,4.0,-5.1,-3.5,99.0,0.0,,,0.0,9.2,4,2025,1,20,34.2,8,1946,7,16,18.8,8,1996,2,14,1925,2025-02-05
48361,長野県,松本（マツモト）,47618.0,2025,2,5,14,0,2.6,4,12.0,40.0,4.0,-2.9,-2.9,99.0,0.0,,,0.0,12.1,4,2025,1,23,38.5,8,1942,8,2,21.1,8,1996,2,14,1898,2025-02-05
48363,長野県,松本今井（マツモトイマイ）,,2025,2,5,14,0,1.6,4,11.0,25.0,4.0,-3.0,-2.6,99.0,0.0,,,0.0,11.6,4,2025,1,23,36.6,8,2020,8,15,19.2,8,2016,2,14,2003,2025-02-05
48381,長野県,立科（タテシナ）,,2025,2,5,14,0,0.8,4,12.0,48.0,4.0,-2.8,-0.8,99.0,0.0,,,0.0,11.5,4,2025,1,19,36.0,8,2022,7,2,19.4,8,2021,2,22,1978,2025-02-05
48386,長野県,佐久（サク）,,2025,2,5,14,0,1.8,4,12.0,42.0,4.0,-2.9,-0.5,99.0,0.0,,,0.0,11.7,4,2025,1,23,37.5,8,2024,7,23,21.6,8,1996,2,14,1978,2025-02-05
48466,長野県,奈川（ナガワ）,,2025,2,5,14,0,-4.1,4,11.0,14.0,4.0,-5.9,-3.6,99.0,0.0,,,0.0,7.3,4,2025,1,20,34.4,8,2020,8,20,16.5,8,1990,2,22,1978,2025-02-05
48491,長野県,諏訪（スワ）,47620.0,2025,2,5,14,0,0.3,4,12.0,31.0,4.0,-3.7,-2.8,99.0,0.0,,,0.0,10.7,4,2025,1,20,35.5,8,1995,8,20,17.7,8,2021,2,22,1945,2025-02-05
48531,長野県,開田高原（カイダコウゲン）,,2025,2,5,14,0,-5.5,4,12.0,3.0,4.0,-5.9,-3.2,99.0,0.0,,,0.0,5.7,4,2025,1,24,32.2,8,2018,7,15,14.5,8,1990,2,22,1978,2025-02-05
48536,長野県,木祖薮原（キソヤブハラ）,,2025,2,5,14,0,-4.7,4,11.0,56.0,4.0,,-3.9,,,,,0.0,9.6,4,2025,1,24,36.2,8,2020,8,20,16.6,8,2024,2,20,2019,2025-02-05
48546,長野県,辰野（タツノ）,,2025,2,5,14,0,-1.1,4,12.0,48.0,4.0,-5.4,-3.3,99.0,0.0,,,0.0,11.6,4,2025,1,20,36.4,8,2024,7,29,18.4,8,1987,2,11,1978,2025-02-05
48561,長野県,原村（ハラムラ）,,2025,2,5,14,0,-3.2,4,13.0,39.0,4.0,-5.8,-3.0,99.0,0.0,,,0.0,10.5,4,2025,1,20,33.9,8,2020,8,20,17.1,8,2021,2,22,1978,2025-02-05
48571,長野県,野辺山（ノベヤマ）,,2025,2,5,14,0,-4.9,4,11.0,37.0,4.0,-5.0,-3.2,99.0,0.0,,,0.0,8.2,4,2025,1,20,31.0,8,2003,8,23,17.2,8,2024,2,20,1978,2025-02-05
48606,長野県,木曽福島（キソフクシマ）,,2025,2,5,14,0,-2.0,4,11.0,8.0,4.0,-6.7,-3.4,99.0,0.0,,,0.0,11.6,4,2025,1,20,36.1,8,2023,8,12,19.3,8,2010,2,24,1976,2025-02-05
48621,長野県,伊那（イナ）,,2025,2,5,14,0,0.7,4,11.0,37.0,4.0,-4.8,-2.5,99.0,0.0,,,0.0,12.8,4,2025,1,24,37.2,8,2018,8,1,20.0,8,2024,2,20,1993,2025-02-05
48717,長野県,南木曽（ナギソ）,,2025,2,5,14,0,-2.8,4,13.0,59.0,4.0,-7.9,-2.8,99.0,0.0,,,0.0,10.2,4,2025,1,20,35.7,8,2018,8,6,18.6,4,2010,2,24,1978,2025-02-05
48731,長野県,飯島（イイジマ）,,2025,2,5,14,0,-1.9,4,11.0,26.0,4.0,-6.7,-4.6,99.0,0.0,,,0.0,11.5,4,2025,1,24,35.5,8,2023,8,12,18.9,8,2024,2,20,1978,2025-02-05
48767,長野県,飯田（イイダ）,47637.0,2025,2,5,14,0,0.4,4,12.0,16.0,4.0,-6.6,-3.7,99.0,0.0,,,0.0,13.0,4,2025,1,24,37.7,8,2018,8,6,21.1,8,1922,2,23,1897,2025-02-05
48826,長野県,浪合（ナミアイ）,,2025,2,5,14,0,-4.9,4,13.0,17.0,4.0,-8.2,-2.8,99.0,0.0,,,0.0,9.3,4,2025,1,20,33.5,8,2007,8,17,17.1,8,2024,2,20,1978,2025-02-05
48841,長野県,南信濃（ミナミシナノ）,,2025,2,5,14,0,-0.1,4,12.0,50.0,4.0,-8.2,-4.8,99.0,0.0,,,0.0,14.5,4,2025,1,24,39.5,8,2020,8,17,21.8,8,2024,2,20,1978,2025-02-05
49036,山梨県,大泉（オオイズミ）,,2025,2,5,14,0,0.5,4,12.0,49.0,4.0,-4.4,-2.5,99.0,0.0,,,0.0,11.3,4,2025,1,20,36.5,8,2013,8,11,20.6,8,2016,2,14,1977,2025-02-05
49086,山梨県,韮崎（ニラサキ）,,2025,2,5,14,0,6.6,4,12.0,35.0,4.0,-1.9,-1.0,99.0,0.0,,,0.0,14.3,4,2025,1,24,38.4,8,1994,8,2,23.2,8,2009,2,14,1977,2025-02-05
49142,山梨県,甲府（コウフ）,47638.0,2025,2,5,14,0,7.4,4,13.0,39.0,4.0,-2.4,-2.1,99.0,0.0,,,0.0,14.7,4,2025,1,28,40.7,8,2013,8,10,25.4,8,1922,2,25,1894,2025-02-05
49151,山梨県,勝沼（カツヌマ）,,2025,2,5,14,0,5.3,4,11.0,54.0,4.0,-3.6,-3.7,99.0,0.0,,,0.0,14.0,4,2025,1,21,40.5,8,2013,8,10,24.0,8,2024,2,20,1977,2025-02-05
49161,山梨県,大月（オオツキ）,,2025,2,5,14,0,6.3,4,13.0,8.0,4.0,-2.6,-3.5,99.0,0.0,,,0.0,13.8,4,2025,1,20,39.9,8,1990,7,19,24.5,8,2016,2,14,1977,2025-02-05
49196,山梨県,古関（フルセキ）,,2025,2,5,14,0,5.0,4,12.0,28.0,4.0,-1.9,-1.8,99.0,0.0,,,0.0,11.8,4,2025,1,24,38.6,8,2013,8,10,22.8,8,2024,2,20,1978,2025-02-05
49236,山梨県,切石（キリイシ）,,2025,2,5,14,0,6.7,4,13.0,2.0,4.0,-3.1,-2.9,99.0,0.0,,,0.0,14.5,4,2025,1,28,39.2,8,2016,8,9,25.8,8,2009,2,14,1977,2025-02-05
49251,山梨県,河口湖（カワグチコ）,47640.0,2025,2,5,14,0,2.8,4,13.0,6.0,4.0,-2.8,-3.0,99.0,0.0,,,0.0,10.7,4,2025,1,20,35.3,8,2013,7,12,22.1,8,2024,2,20,1933,2025-02-05
49256,山梨県,山中（ヤマナカ）,,2025,2,5,14,0,0.9,4,12.0,20.0,4.0,-3.1,-1.9,99.0,0.0,,,0.0,8.9,4,2025,1,28,34.9,8,2024,7,7,21.1,8,2024,2,20,1977,2025-02-05
49316,山梨県,南部（ナンブ）,,2025,2,5,14,0,7.6,4,12.0,3.0,4.0,-3.1,-3.2,99.0,0.0,,,0.0,15.3,4,2025,1,28,38.9,8,2016,8,9,25.1,8,2009,2,14,1977,2025-02-05
50106,静岡県,井川（イカワ）,,2025,2,5,14,0,-0.7,4,12.0,5.0,4.0,-7.6,-5.0,99.0,0.0,,,0.0,11.2,4,2025,1,23,36.2,8,2024,7,23,21.8,8,2009,2,14,1978,2025-02-05
50136,静岡県,御殿場（ゴテンバ）,,2025,2,5,14,0,4.8,4,12.0,48.0,4.0,-3.1,-3.4,99.0,0.0,,,0.0,12.1,4,2025,1,24,35.3,8,2016,8,9,20.3,8,2009,2,14,1976,2025-02-05
50196,静岡県,富士（フジ）,,2025,2,5,14,0,7.9,4,12.0,27.0,4.0,-3.5,-4.8,99.0,0.0,,,0.0,14.9,4,2025,1,28,36.9,8,2002,7,24,23.8,8,2009,2,14,1978,2025-02-05
50206,静岡県,三島（ミシマ）,47657.0,2025,2,5,14,0,7.8,4,12.0,47.0,4.0,-3.9,-4.6,99.0,0.0,,,0.0,16.1,4,2025,1,24,37.4,8,2024,7,30,24.8,8,2009,2,14,1930,2025-02-05
50226,静岡県,佐久間（サクマ）,,2025,2,5,14,0,3.6,4,14.0,0.0,4.0,-6.5,-2.2,99.0,0.0,,,0.0,15.1,4,2025,1,24,40.2,8,2001,7,24,23.0,8,1996,2,15,1978,2025-02-05
50241,静岡県,川根本町（カワネホンチョウ）,,2025,2,5,14,0,2.0,4,10.0,47.0,4.0,-8.4,-5.3,99.0,0.0,,,0.0,15.6,4,2025,1,24,39.6,8,2020,8,15,24.8,8,2009,2,14,1978,2025-02-05
50261,静岡県,清水（シミズ）,,2025,2,5,14,0,7.2,4,12.0,17.0,4.0,-4.7,-4.8,99.0,0.0,,,0.0,16.4,4,2025,1,20,38.2,8,2004,7,13,26.8,8,2009,2,14,1978,2025-02-05
50281,静岡県,網代（アジロ）,47668.0,2025,2,5,14,0,6.7,4,13.0,17.0,4.0,-4.1,-5.1,99.0,0.0,,,0.0,16.0,4,2025,1,20,36.8,8,2015,8,6,25.4,8,2009,2,14,1937,2025-02-05
50331,静岡県,静岡（シズオカ）,47656.0,2025,2,5,14,0,7.0,4,11.0,40.0,4.0,-4.9,-4.8,99.0,0.0,,,0.0,17.0,4,2025,1,20,40.0,8,2024,7,7,26.2,8,2009,2,14,1940,2025-02-05
50386,静岡県,天竜（テンリュウ）,,2025,2,5,14,0,6.0,4,13.0,54.0,4.0,-5.1,-1.5,99.0,0.0,,,0.0,16.4,4,2025,1,24,40.9,8,2020,8,16,24.1,8,1996,2,15,1978,2025-02-05
50456,静岡県,浜松（ハママツ）,47654.0,2025,2,5,14,0,6.1,4,13.0,11.0,4.0,-4.5,-1.8,99.0,0.0,,,0.0,16.0,4,2025,1,24,41.1,8,2020,8,17,23.6,8,2024,2,20,1882,2025-02-05
50476,静岡県,菊川牧之原（キクガワマキノハラ）,,2025,2,5,14,0,4.5,4,13.0,53.0,4.0,-5.5,-2.7,99.0,0.0,,,0.0,15.3,4,2025,1,24,37.4,8,2020,8,15,23.0,8,2024,2,20,1978,2025-02-05
50477,静岡県,静岡空港（シズオカクウコウ）,,2025,2,5,14,0,5.6,4,12.0,7.0,4.0,-4.9,-3.1,99.0,0.0,,,0.0,15.9,4,2025,1,24,37.4,8,2024,7,22,24.0,8,2024,2,20,2009,2025-02-05
50491,静岡県,松崎（マツザキ）,,2025,2,5,14,0,6.4,4,13.0,4.0,4.0,-5.0,-4.0,99.0,0.0,,,0.0,17.8,4,2025,1,6,37.3,8,2024,7,30,22.0,8,2024,2,20,1978,2025-02-05
50506,静岡県,稲取（イナトリ）,,2025,2,5,14,0,6.6,4,10.0,26.0,4.0,-4.1,-3.8,99.0,0.0,,,0.0,17.3,4,2025,1,20,36.5,8,2022,8,3,24.0,8,2009,2,14,1978,2025-02-05
50536,静岡県,磐田（イワタ）,,2025,2,5,14,0,6.4,4,12.0,18.0,4.0,-4.5,-1.7,99.0,0.0,,,0.0,16.2,4,2025,1,24,39.2,8,1994,8,3,23.4,8,2024,2,20,1978,2025-02-05
50551,静岡県,御前崎（オマエザキ）,47655.0,2025,2,5,14,0,5.9,4,13.0,51.0,4.0,-4.9,-2.9,99.0,0.0,,,0.0,15.9,4,2025,1,24,36.7,8,2004,7,20,22.8,8,2009,2,14,1932,2025-02-05
50561,静岡県,石廊崎（イロウザキ）,47666.0,2025,2,5,14,0,6.0,4,13.0,44.0,4.0,-5.0,-3.4,99.0,0.0,,,0.0,17.2,4,2025,1,6,33.9,8,2004,7,20,20.2,8,2009,2,14,1939,2025-02-05
51031,愛知県,愛西（アイサイ）,,2025,2,5,14,0,6.9,4,13.0,38.0,4.0,-2.0,-0.9,99.0,0.0,,,0.0,15.4,4,2025,1,21,40.3,8,1994,8,5,21.1,8,2021,2,22,1979,2025-02-05
51071,愛知県,稲武（イナブ）,,2025,2,5,14,0,-1.0,4,12.0,53.0,4.0,-6.5,-1.6,99.0,0.0,,,0.0,10.8,4,2025,1,21,35.5,8,2018,7,23,18.2,8,2024,2,20,1979,2025-02-05
51106,愛知県,名古屋（ナゴヤ）,47636.0,2025,2,5,14,0,6.0,4,11.0,46.0,4.0,-3.5,-1.7,99.0,0.0,,,0.0,15.1,4,2025,1,21,40.3,8,2018,8,3,23.5,8,2016,2,14,1890,2025-02-05
51116,愛知県,豊田（トヨタ）,,2025,2,5,14,0,5.3,4,13.0,16.0,4.0,-3.9,-1.4,99.0,0.0,,,0.0,14.7,4,2025,1,21,39.8,8,2022,7,1,22.2,8,2016,2,14,1979,2025-02-05
51216,愛知県,大府（オオブ）,,2025,2,5,14,0,6.9,4,13.0,55.0,4.0,-2.5,-0.3,99.0,0.0,,,0.0,14.3,4,2025,1,21,38.9,8,2024,8,9,22.4,8,2016,2,14,2012,2025-02-05
51226,愛知県,岡崎（オカザキ）,,2025,2,5,14,0,5.9,4,13.0,47.0,4.0,-3.3,-1.1,99.0,0.0,,,0.0,14.1,4,2025,1,21,39.3,8,2018,7,23,21.6,8,2016,2,14,1979,2025-02-05
51247,愛知県,新城（シンシロ）,,2025,2,5,14,0,6.2,4,13.0,14.0,4.0,-4.1,-1.1,99.0,0.0,,,0.0,16.3,4,2025,1,20,39.6,8,2018,7,23,22.7,8,2024,2,20,2002,2025-02-05
51261,愛知県,セントレア（セントレア）,,2025,2,5,14,0,5.8,4,12.0,18.0,4.0,-3.2,-1.1,99.0,0.0,,,0.0,14.1,4,2025,1,24,36.1,8,2013,8,10,19.6,8,2021,2,22,2005,2025-02-05
51281,愛知県,蒲郡（ガマゴオリ）,,2025,2,5,14,0,6.5,4,13.0,46.0,4.0,-3.4,-1.4,99.0,0.0,,,0.0,15.1,4,2025,1,24,38.7,8,1995,8,19,22.1,8,2024,2,20,1979,2025-02-05
51311,愛知県,南知多（ミナミチタ）,,2025,2,5,14,0,6.8,4,12.0,29.0,4.0,-2.3,-0.4,99.0,0.0,,,0.0,14.0,4,2025,1,24,38.3,8,1994,8,5,21.5,8,2024,2,20,1979,2025-02-05
51331,愛知県,豊橋（トヨハシ）,,2025,2,5,14,0,6.3,4,13.0,54.0,4.0,-3.1,-1.6,99.0,0.0,,,0.0,14.6,4,2025,1,24,37.9,8,2020,8,16,21.7,8,2024,2,20,2005,2025-02-05
51346,愛知県,伊良湖（イラコ）,47653.0,2025,2,5,14,0,6.6,4,13.0,4.0,4.0,-2.7,-0.4,99.0,0.0,,,0.0,14.0,4,2025,1,21,38.4,8,2013,8,11,21.4,8,2024,2,20,1947,2025-02-05
52041,岐阜県,河合（カワイ）,,2025,2,5,14,0,-3.1,4,12.0,16.0,4.0,-5.3,-2.8,99.0,0.0,,,0.0,7.4,4,2025,1,22,36.4,8,1994,8,7,15.6,8,2010,2,25,1978,2025-02-05
52051,岐阜県,神岡（カミオカ）,,2025,2,5,14,0,-0.9,4,11.0,25.0,4.0,-4.4,-1.6,99.0,0.0,,,0.0,10.9,4,2025,1,19,37.7,8,2024,8,22,19.8,8,2010,2,25,1978,2025-02-05
52081,岐阜県,白川（シラカワ）,,2025,2,5,14,0,-3.6,4,3.0,35.0,4.0,-6.3,-3.7,99.0,0.0,,,0.0,8.9,4,2025,1,23,36.5,8,2007,8,11,16.5,8,1990,2,22,1978,2025-02-05
52111,岐阜県,栃尾（トチオ）,,2025,2,5,14,0,-3.9,4,12.0,45.0,4.0,-5.7,-3.2,99.0,0.0,,,0.0,7.7,4,2025,1,20,35.4,8,1994,8,15,16.4,4,1990,2,22,1978,2025-02-05
52146,岐阜県,高山（タカヤマ）,47617.0,2025,2,5,14,0,0.3,4,12.0,20.0,4.0,-3.2,0.2,99.0,0.0,,,0.0,10.0,4,2025,1,23,37.7,8,2019,8,13,18.5,8,1990,2,22,1899,2025-02-05
52181,岐阜県,六厩（ムマヤ）,,2025,2,5,14,0,-6.0,4,11.0,32.0,4.0,-6.0,-3.2,99.0,0.0,,,0.0,5.9,4,2025,1,20,33.5,8,2001,8,2,12.6,8,2010,2,24,1978,2025-02-05
52196,岐阜県,宮之前（ミヤノマエ）,,2025,2,5,14,0,-3.9,4,10.0,59.0,4.0,-4.8,-2.7,99.0,0.0,,,0.0,7.1,4,2025,1,19,33.5,8,2018,8,4,14.5,8,1990,2,22,1978,2025-02-05
52221,岐阜県,長滝（ナガタキ）,,2025,2,5,14,0,-2.2,4,1.0,28.0,4.0,-6.3,-2.7,99.0,0.0,,,0.0,9.4,4,2025,1,20,36.8,8,2018,8,4,15.9,8,1990,2,22,1978,2025-02-05
52286,岐阜県,萩原（ハギワラ）,,2025,2,5,14,0,-1.4,4,11.0,39.0,4.0,-6.7,-4.4,99.0,0.0,,,0.0,12.0,4,2025,1,24,38.3,8,1994,7,15,19.4,8,2010,2,24,1976,2025-02-05
52331,岐阜県,八幡（ハチマン）,,2025,2,5,14,0,1.4,4,13.0,38.0,4.0,-4.9,0.1,99.0,0.0,,,0.0,11.5,4,2025,1,24,39.8,8,2018,7,22,19.7,8,2010,2,24,1978,2025-02-05
52346,岐阜県,宮地（ミヤジ）,,2025,2,5,14,0,-1.0,4,13.0,58.0,4.0,-6.6,-3.2,99.0,0.0,,,0.0,11.1,4,2025,1,24,38.9,8,2007,8,16,18.6,8,2010,2,25,1978,2025-02-05
52381,岐阜県,樽見（タルミ）,,2025,2,5,14,0,1.5,4,12.0,58.0,4.0,-3.9,0.7,99.0,0.0,,,0.0,10.1,4,2025,2,2,37.8,8,2023,7,26,17.7,8,2021,2,22,1978,2025-02-05
52406,岐阜県,金山（カナヤマ）,,2025,2,5,14,0,1.5,4,13.0,15.0,4.0,-6.0,-1.6,99.0,0.0,,,0.0,14.1,4,2025,1,20,41.0,8,2018,8,6,21.0,8,2024,2,20,1978,2025-02-05
52461,岐阜県,美濃（ミノ）,,2025,2,5,14,0,4.3,4,13.0,56.0,4.0,-4.4,0.1,99.0,0.0,,,0.0,15.1,4,2025,1,20,41.0,8,2018,8,8,21.7,8,2024,2,20,1978,2025-02-05
52482,岐阜県,黒川（クロカワ）,,2025,2,5,14,0,-1.2,4,13.0,46.0,4.0,-6.8,-1.2,99.0,0.0,,,0.0,11.3,4,2025,1,24,37.4,8,2007,8,16,18.8,8,2010,2,24,1998,2025-02-05
52511,岐阜県,揖斐川（イビガワ）,,2025,2,5,14,0,3.4,4,13.0,46.0,4.0,-4.8,-1.4,99.0,0.0,,,0.0,14.7,4,2025,1,20,39.6,8,2018,7,18,20.4,8,2024,2,20,1978,2025-02-05
52536,岐阜県,美濃加茂（ミノカモ）,,2025,2,5,14,0,4.2,4,12.0,32.0,4.0,-4.1,-0.4,99.0,0.0,,,0.0,14.0,4,2025,1,20,39.7,8,2018,7,18,20.8,8,2024,2,20,1978,2025-02-05
52556,岐阜県,恵那（エナ）,,2025,2,5,14,0,1.3,4,13.0,13.0,4.0,-6.2,-0.8,99.0,0.0,,,0.0,13.2,4,2025,1,21,38.8,8,2018,7,23,20.9,8,2010,2,27,1976,2025-02-05
52557,岐阜県,中津川（ナカツガワ）,,2025,2,5,14,0,0.9,4,12.0,42.0,4.0,-6.3,-0.9,99.0,0.0,,,0.0,13.2,4,2025,1,21,39.2,8,2018,7,23,20.0,8,2024,2,20,2010,2025-02-05
52571,岐阜県,関ケ原（セキガハラ）,,2025,2,5,14,0,3.9,4,13.0,1.0,4.0,-3.0,0.4,99.0,0.0,,,0.0,13.0,4,2025,1,21,37.9,8,1994,8,8,19.1,8,2021,2,22,1978,2025-02-05
52581,岐阜県,大垣（オオガキ）,,2025,2,5,14,0,5.9,4,13.0,15.0,4.0,-2.8,-0.5,99.0,0.0,,,0.0,15.1,4,2025,1,20,38.8,8,2024,8,13,20.8,8,2021,2,22,1978,2025-02-05
52586,岐阜県,岐阜（ギフ）,47632.0,2025,2,5,14,0,5.8,4,13.0,36.0,4.0,-3.4,-1.4,99.0,0.0,,,0.0,14.7,4,2025,1,20,39.8,8,2007,8,16,22.2,8,1890,2,17,1883,2025-02-05
52606,岐阜県,多治見（タジミ）,,2025,2,5,14,0,3.9,4,13.0,7.0,4.0,-5.8,-2.3,99.0,0.0,,,0.0,14.9,4,2025,1,21,40.9,8,2007,8,16,22.2,8,2024,2,20,1978,2025-02-05
53041,三重県,桑名（クワナ）,,2025,2,5,14,0,7.8,4,12.0,27.0,4.0,-1.4,-0.9,99.0,0.0,,,0.0,14.9,4,2025,1,24,40.4,8,2024,8,9,21.8,8,2024,2,20,1979,2025-02-05
53061,三重県,四日市（ヨッカイチ）,47684.0,2025,2,5,14,0,6.9,4,13.0,55.0,4.0,-2.3,-1.9,99.0,0.0,,,0.0,14.2,4,2025,1,24,38.8,8,1994,8,5,22.2,8,2021,2,22,1966,2025-02-05
53091,三重県,亀山（カメヤマ）,,2025,2,5,14,0,5.2,4,11.0,55.0,4.0,-3.5,-1.7,99.0,0.0,,,0.0,14.0,4,2025,1,24,38.3,8,2018,7,18,21.2,8,1996,2,14,1979,2025-02-05
53112,三重県,上野（ウエノ）,47649.0,2025,2,5,14,0,5.1,4,12.0,30.0,4.0,-3.3,0.0,99.0,0.0,,,0.0,14.8,4,2025,1,23,38.8,8,1942,8,2,22.1,8,1987,2,11,1937,2025-02-05
53133,三重県,津（ツ）,47651.0,2025,2,5,14,0,6.3,4,13.0,39.0,4.0,-3.0,-0.8,99.0,0.0,,,0.0,14.9,4,2025,1,20,39.5,8,1994,8,5,22.8,8,1962,2,11,1889,2025-02-05
53196,三重県,小俣（オバタ）,,2025,2,5,14,0,6.6,4,12.0,24.0,4.0,-2.8,-0.5,99.0,0.0,,,0.0,14.1,4,2025,1,21,38.8,8,2013,8,10,21.5,8,2024,2,20,1979,2025-02-05
53231,三重県,粥見（カユミ）,,2025,2,5,14,0,5.3,4,13.0,5.0,4.0,-4.1,0.1,99.0,0.0,,,0.0,15.2,4,2025,1,20,39.7,8,2024,7,5,22.7,8,2024,2,20,1979,2025-02-05
53257,三重県,鳥羽（トバ）,,2025,2,5,14,0,6.5,4,11.0,32.0,4.0,-2.1,-0.7,99.0,0.0,,,0.0,12.7,4,2025,2,3,38.3,8,1994,8,5,21.4,8,1993,2,7,1977,2025-02-05
53296,三重県,南伊勢（ミナミイセ）,,2025,2,5,14,0,6.6,4,12.0,19.0,4.0,-3.7,-1.2,99.0,0.0,,,0.0,15.0,4,2025,1,23,38.4,8,2024,7,28,21.2,8,2024,2,20,1979,2025-02-05
53326,三重県,紀伊長島（キイナガシマ）,,2025,2,5,14,0,6.6,4,12.0,11.0,4.0,-4.8,-0.9,99.0,0.0,,,0.0,16.8,4,2025,1,24,38.7,8,2024,7,31,23.2,8,2009,2,14,1979,2025-02-05
53378,三重県,尾鷲（オワセ）,47663.0,2025,2,5,14,0,6.7,4,12.0,44.0,4.0,-4.9,-1.0,99.0,0.0,,,0.0,16.7,4,2025,1,20,38.8,8,2024,8,16,27.1,8,1962,2,11,1938,2025-02-05
53401,三重県,熊野新鹿（クマノアタシカ）,,2025,2,5,14,0,7.0,4,13.0,59.0,4.0,-4.7,-0.2,99.0,0.0,,,0.0,16.3,4,2025,1,20,38.6,8,2021,8,8,24.7,8,2016,2,14,2001,2025-02-05
54012,新潟県,粟島（アワシマ）,,2025,2,5,14,0,2.2,4,11.0,10.0,4.0,-2.9,-4.1,99.0,0.0,,,0.0,10.2,4,2025,1,6,37.0,8,2019,8,15,18.8,8,2010,2,25,1978,2025-02-05
54041,新潟県,弾崎（ハジキザキ）,,2025,2,5,14,0,1.7,4,10.0,18.0,4.0,-3.3,-3.1,99.0,0.0,,,0.0,12.0,4,2025,1,19,36.2,8,2024,8,23,22.4,8,2004,2,22,1978,2025-02-05
54086,新潟県,村上（ムラカミ）,,2025,2,5,14,0,1.5,4,10.0,52.0,4.0,-3.0,-4.2,99.0,0.0,,,0.0,9.3,4,2025,2,3,39.9,8,2018,8,23,21.5,8,2004,2,22,1978,2025-02-05
54157,新潟県,相川（アイカワ）,47602.0,2025,2,5,14,0,2.4,4,9.0,40.0,4.0,-3.7,-2.9,99.0,0.0,,,0.0,11.6,4,2025,1,19,38.5,8,2023,8,9,20.7,8,2004,2,22,1911,2025-02-05
54166,新潟県,両津（リョウツ）,,2025,2,5,14,0,2.0,4,9.0,50.0,4.0,-3.5,-3.0,99.0,0.0,,,0.0,11.0,4,2025,1,19,38.8,8,2019,8,15,19.9,8,2004,2,22,1978,2025-02-05
54181,新潟県,中条（ナカジョウ）,,2025,2,5,14,0,1.8,4,9.0,22.0,4.0,-3.1,-2.0,99.0,0.0,,,0.0,10.4,4,2025,1,6,40.8,8,2018,8,23,22.1,8,2010,2,25,1978,2025-02-05
54191,新潟県,下関（シモセキ）,,2025,2,5,14,0,0.8,4,9.0,49.0,4.0,-3.0,-1.8,99.0,0.0,,,0.0,8.0,4,2025,1,21,39.6,8,2018,8,23,19.3,8,2024,2,19,1978,2025-02-05
54232,新潟県,新潟（ニイガタ）,47604.0,2025,2,5,14,0,3.2,4,10.0,28.0,4.0,-2.2,-2.7,99.0,0.0,,,0.0,9.3,4,2025,1,21,39.9,8,2018,8,23,21.3,8,2004,2,22,1881,2025-02-05
54236,新潟県,松浜（マツハマ）,,2025,2,5,14,0,3.0,4,10.0,16.0,4.0,-2.4,-3.0,99.0,0.0,,,0.0,9.9,4,2025,1,19,39.7,8,2023,8,9,21.4,8,2004,2,22,2003,2025-02-05
54271,新潟県,羽茂（ハモチ）,,2025,2,5,14,0,1.6,4,9.0,33.0,4.0,-4.1,-3.1,99.0,0.0,,,0.0,11.3,4,2025,1,6,38.3,8,2023,8,9,20.0,8,2004,2,22,1978,2025-02-05
54296,新潟県,新津（ニイツ）,,2025,2,5,14,0,1.6,4,10.0,13.0,4.0,-2.9,-2.6,99.0,0.0,,,0.0,9.6,4,2025,1,27,39.4,8,2023,8,31,20.6,8,2004,2,22,1978,2025-02-05
54341,新潟県,巻（マキ）,,2025,2,5,14,0,1.9,4,10.0,7.0,4.0,-3.0,-3.6,99.0,0.0,,,0.0,9.0,4,2025,1,21,38.9,8,2018,8,23,21.6,8,2004,2,22,1978,2025-02-05
54387,新潟県,寺泊（テラドマリ）,,2025,2,5,14,0,2.0,4,10.0,4.0,4.0,-3.7,-2.7,99.0,0.0,,,0.0,11.7,4,2025,1,20,40.6,8,2019,8,15,21.7,8,2004,2,22,2001,2025-02-05
54396,新潟県,三条（サンジョウ）,,2025,2,5,14,0,1.6,4,10.0,25.0,4.0,-3.1,-2.9,99.0,0.0,,,0.0,9.5,4,2025,1,20,40.4,8,2020,9,3,21.7,8,2004,2,22,1978,2025-02-05
54421,新潟県,津川（ツガワ）,,2025,2,5,14,0,-0.8,4,11.0,7.0,4.0,-4.3,-1.9,99.0,0.0,,,0.0,8.3,4,2025,1,21,39.4,8,1994,8,13,19.3,8,2024,2,19,1978,2025-02-05
54501,新潟県,長岡（ナガオカ）,,2025,2,5,14,0,1.0,4,8.0,49.0,4.0,-3.4,-3.3,99.0,0.0,,,0.0,9.1,4,2025,1,20,39.4,8,2023,8,15,20.0,8,2024,2,19,1976,2025-02-05
54541,新潟県,柏崎（カシワザキ）,,2025,2,5,14,0,2.0,4,9.0,16.0,4.0,-4.0,-3.0,99.0,0.0,,,0.0,12.0,4,2025,1,20,38.8,8,2023,8,14,22.6,8,2004,2,22,1978,2025-02-05
54566,新潟県,守門（スモン）,,2025,2,5,14,0,-1.6,4,13.0,17.0,4.0,-4.3,-3.2,99.0,0.0,,,0.0,7.2,4,2025,1,20,37.4,8,2019,8,14,15.5,8,2024,2,18,1978,2025-02-05
54586,新潟県,大潟（オオガタ）,,2025,2,5,14,0,2.8,4,7.0,14.0,4.0,-3.2,-2.6,99.0,0.0,,,0.0,11.7,4,2025,1,19,40.0,8,2018,8,23,22.7,8,2004,2,22,1978,2025-02-05
54616,新潟県,小出（コイデ）,,2025,2,5,14,0,1.3,4,12.0,18.0,4.0,-2.1,-1.0,99.0,0.0,,,0.0,9.4,4,2025,1,20,39.0,8,2021,8,6,18.1,8,2024,2,18,1978,2025-02-05
54651,新潟県,高田（タカダ）,47612.0,2025,2,5,14,0,1.6,4,13.0,29.0,4.0,-4.3,-3.3,99.0,0.0,,,0.0,12.6,4,2025,1,20,40.3,8,2019,8,14,22.5,8,2024,2,19,1922,2025-02-05
54661,新潟県,安塚（ヤスヅカ）,,2025,2,5,14,0,0.0,4,13.0,23.0,4.0,-4.0,-2.9,99.0,0.0,,,0.0,9.8,4,2025,1,20,37.6,8,2023,8,14,19.8,8,2004,2,22,1978,2025-02-05
54676,新潟県,十日町（トオカマチ）,,2025,2,5,14,0,-0.2,4,14.0,0.0,4.0,-3.3,-2.8,99.0,0.0,,,0.0,8.9,4,2025,1,20,37.1,8,2022,6,24,16.8,8,2004,2,22,1978,2025-02-05
54711,新潟県,糸魚川（イトイガワ）,,2025,2,5,14,0,2.1,4,12.0,17.0,4.0,-4.6,-2.4,99.0,0.0,,,0.0,12.5,4,2025,1,23,39.3,8,2023,8,10,23.6,8,2009,2,14,1978,2025-02-05
54721,新潟県,能生（ノウ）,,2025,2,5,14,0,0.9,4,9.0,55.0,4.0,-4.4,-2.8,99.0,0.0,,,0.0,11.4,4,2025,1,23,36.9,8,2019,8,15,22.5,8,2009,2,14,1978,2025-02-05
54816,新潟県,関山（セキヤマ）,,2025,2,5,14,0,-0.5,4,13.0,22.0,4.0,-3.6,-0.6,99.0,0.0,,,0.0,10.1,4,2025,1,20,35.5,8,1990,8,22,17.8,8,2010,2,25,1978,2025-02-05
54836,新潟県,津南（ツナン）,,2025,2,5,14,0,-0.9,4,13.0,7.0,4.0,-2.7,-1.1,99.0,0.0,,,0.0,8.3,4,2025,1,20,35.2,8,2022,6,24,17.3,8,2004,2,22,1978,2025-02-05
54841,新潟県,湯沢（ユザワ）,,2025,2,5,14,0,-0.2,4,13.0,53.0,4.0,-3.0,-0.8,99.0,0.0,,,0.0,10.4,4,2025,1,6,37.2,8,1990,8,23,17.8,8,1993,2,7,1978,2025-02-05
55022,富山県,朝日（アサヒ）,,2025,2,5,14,0,-0.1,4,4.0,58.0,4.0,-6.2,-3.1,99.0,0.0,,,0.0,12.2,4,2025,1,19,38.0,8,2004,9,7,23.6,8,2004,2,22,1978,2025-02-05
55041,富山県,氷見（ヒミ）,,2025,2,5,14,0,1.6,4,12.0,34.0,4.0,-4.3,-1.1,99.0,0.0,,,0.0,13.6,4,2025,1,19,37.4,8,1994,8,13,22.3,8,2010,2,25,1978,2025-02-05
55056,富山県,魚津（ウオヅ）,,2025,2,5,14,0,-0.6,4,11.0,16.0,4.0,-6.5,-3.6,99.0,0.0,,,0.0,12.6,4,2025,1,19,37.9,8,2015,7,13,22.4,8,2004,2,22,1978,2025-02-05
55091,富山県,伏木（フシキ）,47606.0,2025,2,5,14,0,1.0,4,13.0,20.0,4.0,-5.0,-1.9,99.0,0.0,,,0.0,13.8,4,2025,1,19,39.7,8,1994,8,14,23.3,8,1954,2,27,1887,2025-02-05
55102,富山県,富山（トヤマ）,47607.0,2025,2,5,14,0,0.6,4,12.0,55.0,4.0,-5.7,-1.6,99.0,0.0,,,0.0,14.6,4,2025,1,19,39.5,8,2018,8,22,22.5,8,2010,2,25,1939,2025-02-05
55141,富山県,砺波（トナミ）,,2025,2,5,14,0,1.0,4,10.0,32.0,4.0,-4.4,-2.4,99.0,0.0,,,0.0,13.0,4,2025,1,19,38.8,8,2023,8,10,20.8,8,2009,2,14,1976,2025-02-05
55151,富山県,秋ヶ島（アキガシマ）,,2025,2,5,14,0,0.3,4,10.0,52.0,4.0,-5.6,-2.2,99.0,0.0,,,0.0,15.1,4,2025,1,19,38.7,8,2023,8,10,22.3,8,2010,2,25,2003,2025-02-05
55166,富山県,上市（カミイチ）,,2025,2,5,14,0,-0.7,4,11.0,9.0,4.0,-4.6,-1.1,99.0,0.0,,,0.0,9.5,4,2025,1,20,37.4,8,2022,9,6,21.2,8,2016,2,14,1978,2025-02-05
55191,富山県,南砺高宮（ナントタカミヤ）,,2025,2,5,14,0,0.8,4,10.0,13.0,4.0,-4.6,-2.4,99.0,0.0,,,0.0,12.1,4,2025,1,19,38.6,8,2023,8,10,21.1,8,2009,2,14,1978,2025-02-05
55206,富山県,八尾（ヤツオ）,,2025,2,5,14,0,-0.2,4,10.0,48.0,4.0,-5.9,-1.4,99.0,0.0,,,0.0,13.0,4,2025,1,19,39.0,8,2023,8,10,20.6,8,2024,2,18,1976,2025-02-05
56036,石川県,珠洲（スズ）,,2025,2,5,14,0,0.8,4,9.0,55.0,4.0,-4.9,-1.8,99.0,0.0,,,0.0,13.1,4,2025,1,19,38.2,8,2019,8,15,19.4,8,1979,2,21,1978,2025-02-05
56052,石川県,輪島（ワジマ）,47600.0,2025,2,5,14,0,1.3,4,12.0,57.0,4.0,-4.8,-2.1,99.0,0.0,,,0.0,12.9,4,2025,1,19,38.6,8,2020,9,3,22.8,8,2004,2,22,1929,2025-02-05
56093,石川県,三井（ミイ）,,2025,2,5,14,0,-0.6,4,12.0,58.0,4.0,-4.4,-1.8,99.0,0.0,,,0.0,9.1,4,2025,1,19,38.1,8,2019,8,15,20.7,8,2004,2,22,2003,2025-02-05
56116,石川県,志賀（シカ）,,2025,2,5,14,0,2.2,4,13.0,48.0,4.0,-4.5,-0.7,99.0,0.0,,,0.0,12.1,4,2025,1,19,40.1,8,2019,8,15,18.6,8,2004,2,22,1978,2025-02-05
56146,石川県,七尾（ナナオ）,,2025,2,5,14,0,,1,,,,,,,,,,,12.3,4,2025,1,19,38.1,8,2023,8,10,21.9,8,2004,2,22,1978,2025-02-05
56176,石川県,羽咋（ハクイ）,,2025,2,5,14,0,2.8,4,12.0,56.0,4.0,-3.7,-2.4,99.0,0.0,,,0.0,12.6,4,2025,1,19,39.6,8,2019,8,15,21.9,8,2004,2,22,1978,2025-02-05
56186,石川県,かほく（カホク）,,2025,2,5,14,0,3.1,4,13.0,47.0,4.0,-3.3,-2.1,99.0,0.0,,,0.0,12.8,4,2025,1,19,39.2,8,2018,8,23,23.2,8,2010,2,25,1978,2025-02-05
56227,石川県,金沢（カナザワ）,47605.0,2025,2,5,14,0,2.9,4,12.0,23.0,4.0,-4.1,-1.6,99.0,0.0,,,0.0,14.4,4,2025,1,19,38.5,8,2022,9,6,23.6,8,1954,2,27,1882,2025-02-05
56276,石川県,小松（コマツ）,,2025,2,5,14,0,2.0,4,9.0,13.0,4.0,-5.0,-2.1,99.0,0.0,,,0.0,14.3,4,2025,1,19,40.0,8,2023,8,10,21.9,8,2010,2,25,1978,2025-02-05
56286,石川県,白山河内（ハクサンカワチ）,,2025,2,5,14,0,-0.3,4,9.0,43.0,4.0,-5.1,-1.5,99.0,0.0,,,0.0,11.2,4,2025,1,19,37.4,8,2023,8,10,19.6,8,2024,2,19,1978,2025-02-05
56301,石川県,加賀中津原（カガナカツハラ）,,2025,2,5,14,0,0.5,4,11.0,3.0,4.0,-4.8,-1.9,99.0,0.0,,,0.0,12.6,4,2025,1,19,37.6,8,2023,8,10,19.7,8,2010,2,24,1978,2025-02-05
57001,福井県,三国（ミクニ）,,2025,2,5,14,0,2.5,4,10.0,39.0,4.0,-4.1,-1.8,99.0,0.0,,,0.0,14.4,4,2025,1,19,39.7,8,2023,8,9,20.9,8,2024,2,18,1978,2025-02-05
57026,福井県,春江（ハルエ）,,2025,2,5,14,0,2.9,4,10.0,48.0,4.0,-3.7,-0.3,99.0,0.0,,,0.0,13.7,4,2025,1,19,39.0,8,2018,7,29,20.7,8,2010,2,24,2003,2025-02-05
57051,福井県,越廼（コシノ）,,2025,2,5,14,0,3.6,4,5.0,49.0,4.0,-4.2,-1.1,99.0,0.0,,,0.0,14.3,4,2025,1,19,38.2,8,2018,7,29,21.4,8,2021,2,22,1978,2025-02-05
57066,福井県,福井（フクイ）,47616.0,2025,2,5,14,0,2.1,4,10.0,42.0,4.0,-4.6,-1.6,99.0,0.0,,,0.0,14.3,4,2025,1,19,38.6,8,1942,7,19,21.8,8,1954,2,27,1897,2025-02-05
57082,福井県,勝山（カツヤマ）,,2025,2,5,14,0,-0.9,4,11.0,22.0,4.0,-5.3,-2.1,99.0,0.0,,,0.0,10.6,4,2025,1,19,37.4,8,2022,8,1,17.8,8,2024,2,19,1993,2025-02-05
57121,福井県,大野（オオノ）,,2025,2,5,14,0,-0.3,4,10.0,22.0,4.0,-5.0,-2.4,99.0,0.0,,,0.0,10.6,4,2025,1,19,36.9,8,2012,7,31,19.0,8,1990,2,22,1976,2025-02-05
57206,福井県,今庄（イマジョウ）,,2025,2,5,14,0,1.3,4,12.0,13.0,4.0,-3.8,-1.9,99.0,0.0,,,0.0,11.5,4,2025,1,19,36.9,8,2018,8,14,18.5,8,2004,2,22,1978,2025-02-05
57248,福井県,敦賀（ツルガ）,47631.0,2025,2,5,14,0,3.9,4,13.0,8.0,4.0,-3.7,-0.6,99.0,0.0,,,0.0,13.6,4,2025,1,23,37.6,8,1918,8,13,20.5,8,2021,2,22,1897,2025-02-05
57286,福井県,美浜（ミハマ）,,2025,2,5,14,0,3.8,4,12.0,29.0,4.0,-3.7,-0.4,99.0,0.0,,,0.0,14.5,4,2025,1,19,38.2,8,2022,8,1,21.3,8,2010,2,24,1978,2025-02-05
57317,福井県,小浜（オバマ）,,2025,2,5,14,0,5.2,4,12.0,47.0,4.0,-2.0,-0.7,99.0,0.0,,,0.0,13.6,4,2025,1,19,39.1,8,2022,8,1,21.6,8,2021,2,22,1978,2025-02-05
60051,滋賀県,今津（イマヅ）,,2025,2,5,14,0,4.9,4,13.0,15.0,4.0,-1.0,0.0,99.0,0.0,,,0.0,11.7,4,2025,1,2,36.9,8,1994,8,7,18.0,8,2010,2,24,1978,2025-02-05
60061,滋賀県,長浜（ナガハマ）,,2025,2,5,14,0,4.8,4,13.0,14.0,4.0,-1.7,-0.3,99.0,0.0,,,0.0,12.9,4,2025,1,19,37.4,8,2014,7,26,19.3,8,2010,2,24,1978,2025-02-05
60102,滋賀県,米原（マイバラ）,,2025,2,5,14,0,3.2,4,13.0,54.0,4.0,-2.8,-0.3,99.0,0.0,,,0.0,12.9,4,2025,1,19,36.4,8,2024,8,14,18.9,8,2010,2,24,2001,2025-02-05
60116,滋賀県,南小松（ミナミコマツ）,,2025,2,5,14,0,5.2,4,12.0,39.0,4.0,-1.7,-1.6,99.0,0.0,,,0.0,12.5,4,2025,1,2,37.2,8,2022,7,1,17.4,8,2010,2,25,1978,2025-02-05
60131,滋賀県,彦根（ヒコネ）,47761.0,2025,2,5,14,0,6.2,4,13.0,9.0,4.0,-0.7,0.5,99.0,0.0,,,0.0,12.0,4,2025,1,2,37.7,8,2014,7,26,19.9,8,1962,2,11,1893,2025-02-05
60196,滋賀県,東近江（ヒガシオウミ）,,2025,2,5,14,0,5.2,4,12.0,56.0,4.0,-2.3,-1.9,99.0,0.0,,,0.0,14.6,4,2025,1,19,39.2,8,2020,8,20,20.6,8,2016,2,14,1978,2025-02-05
60216,滋賀県,大津（オオツ）,,2025,2,5,14,0,4.5,4,13.0,0.0,4.0,-3.2,-1.6,99.0,0.0,,,0.0,13.3,4,2025,1,20,38.5,8,2023,8,1,20.3,8,2016,2,14,1977,2025-02-05
60226,滋賀県,信楽（シガラキ）,,2025,2,5,14,0,3.4,4,11.0,31.0,4.0,-3.2,-2.2,99.0,0.0,,,0.0,13.7,4,2025,1,19,36.0,8,2018,7,19,19.8,8,2010,2,24,1978,2025-02-05
60236,滋賀県,土山（ツチヤマ）,,2025,2,5,14,0,3.9,4,12.0,13.0,4.0,-2.6,-0.4,99.0,0.0,,,0.0,13.8,4,2025,1,19,37.2,8,2018,7,15,20.0,8,1987,2,11,1978,2025-02-05
61001,京都府,間人（タイザ）,,2025,2,5,14,0,2.1,4,6.0,34.0,4.0,-5.5,-1.5,99.0,0.0,,,0.0,13.3,4,2025,1,23,37.9,8,2018,8,22,21.4,8,2010,2,25,1977,2025-02-05
61076,京都府,宮津（ミヤヅ）,,2025,2,5,14,0,3.5,4,11.0,44.0,4.0,-4.3,-0.5,99.0,0.0,,,0.0,14.5,4,2025,1,19,39.0,8,2024,8,23,22.7,8,2004,2,22,1978,2025-02-05
61111,京都府,舞鶴（マイヅル）,47750.0,2025,2,5,14,0,4.0,4,12.0,27.0,4.0,-3.6,-2.7,99.0,0.0,,,0.0,14.4,4,2025,1,19,39.0,8,2023,8,5,22.9,8,1954,2,27,1947,2025-02-05
61187,京都府,福知山（フクチヤマ）,,2025,2,5,14,0,4.1,4,12.0,20.0,4.0,-3.8,-2.7,99.0,0.0,,,0.0,14.7,4,2025,1,23,39.6,8,2018,8,22,22.1,8,2021,2,22,1976,2025-02-05
61206,京都府,美山（ミヤマ）,,2025,2,5,14,0,3.3,4,11.0,12.0,4.0,-2.7,-2.5,99.0,0.0,,,0.0,14.0,4,2025,1,19,37.7,8,2023,7,27,21.1,8,2010,2,24,1978,2025-02-05
61242,京都府,園部（ソノベ）,,2025,2,5,14,0,4.0,4,11.0,32.0,4.0,-4.0,-2.4,99.0,0.0,,,0.0,14.6,4,2025,1,23,39.1,8,2023,7,27,21.5,8,2010,2,24,2002,2025-02-05
61286,京都府,京都（キョウト）,47759.0,2025,2,5,14,0,5.3,4,12.0,0.0,4.0,-3.8,-1.8,99.0,0.0,,,0.0,14.7,4,2025,1,19,39.8,8,2018,7,19,22.9,8,1890,2,18,1880,2025-02-05
61326,京都府,京田辺（キョウタナベ）,,2025,2,5,14,0,6.3,4,13.0,43.0,4.0,-2.7,-1.0,99.0,0.0,,,0.0,14.5,4,2025,1,20,39.0,8,2024,8,6,22.4,8,2010,2,25,1978,2025-02-05
62016,大阪府,能勢（ノセ）,,2025,2,5,14,0,3.3,4,12.0,48.0,4.0,-4.0,-1.8,99.0,0.0,,,0.0,13.5,4,2025,1,23,37.6,8,2022,7,1,19.8,8,2010,2,24,1977,2025-02-05
62046,大阪府,枚方（ヒラカタ）,,2025,2,5,14,0,6.0,4,13.0,34.0,4.0,-3.2,-0.7,99.0,0.0,,,0.0,15.0,4,2025,1,19,39.8,8,2023,7,27,22.7,8,2010,2,25,1977,2025-02-05
62051,大阪府,豊中（トヨナカ）,,2025,2,5,14,0,5.4,4,12.0,17.0,4.0,-4.1,-1.9,99.0,0.0,,,0.0,15.0,4,2025,1,24,39.9,8,1994,8,8,22.2,8,2010,2,25,1977,2025-02-05
62078,大阪府,大阪（オオサカ）,47772.0,2025,2,5,14,0,5.8,4,13.0,43.0,4.0,-3.8,-0.7,99.0,0.0,,,0.0,14.6,4,2025,1,24,39.1,8,1994,8,8,23.7,8,1954,2,27,1883,2025-02-05
62081,大阪府,生駒山（イコマヤマ）,,2025,2,5,14,0,0.4,4,13.0,40.0,4.0,-4.2,0.2,99.0,0.0,,,0.0,10.9,4,2025,1,19,34.3,8,1994,8,6,18.4,8,2010,2,25,1976,2025-02-05
62091,大阪府,堺（サカイ）,,2025,2,5,14,0,5.1,4,11.0,53.0,4.0,-4.4,-0.5,99.0,0.0,,,0.0,15.2,4,2025,1,19,39.7,8,2018,8,22,23.9,8,2010,2,25,1977,2025-02-05
62096,大阪府,八尾（ヤオ）,,2025,2,5,14,0,5.5,4,11.0,59.0,4.0,-3.9,-0.2,99.0,0.0,,,0.0,15.3,4,2025,1,19,39.1,8,2024,8,14,23.8,8,2010,2,25,2003,2025-02-05
62101,大阪府,関空島（カンクウジマ）,,2025,2,5,14,0,4.8,4,11.0,58.0,4.0,-4.3,-0.6,99.0,0.0,,,0.0,12.0,4,2025,1,20,37.7,8,2023,8,10,20.3,8,2021,2,22,2003,2025-02-05
62131,大阪府,熊取（クマトリ）,,2025,2,5,14,0,3.8,4,11.0,24.0,4.0,-4.9,-0.9,99.0,0.0,,,0.0,14.0,4,2025,1,23,36.7,8,2022,8,11,22.8,8,2010,2,25,1977,2025-02-05
63016,兵庫県,香住（カスミ）,,2025,2,5,14,0,1.1,4,10.0,35.0,4.0,-6.5,-1.5,99.0,0.0,,,0.0,14.4,4,2025,1,19,38.0,8,1994,8,11,21.5,8,2009,2,14,1976,2025-02-05
63051,兵庫県,豊岡（トヨオカ）,47747.0,2025,2,5,14,0,2.7,4,13.0,58.0,4.0,-4.7,-1.7,99.0,0.0,,,0.0,14.6,4,2025,1,19,39.7,8,2024,8,23,23.0,8,1960,2,25,1918,2025-02-05
63071,兵庫県,兎和野高原（ウワノコウゲン）,,2025,2,5,14,0,-2.8,4,10.0,23.0,4.0,-6.4,-1.7,99.0,0.0,,,0.0,9.7,4,2025,1,23,34.6,8,2024,7,7,18.0,8,2010,2,24,2005,2025-02-05
63121,兵庫県,和田山（ワダヤマ）,,2025,2,5,14,0,2.7,4,11.0,55.0,4.0,-4.4,-2.9,99.0,0.0,,,0.0,14.3,4,2025,1,19,38.3,8,2023,8,21,22.1,8,2010,2,24,1977,2025-02-05
63201,兵庫県,生野（イクノ）,,2025,2,5,14,0,1.1,4,10.0,46.0,4.0,-5.0,-2.8,99.0,0.0,,,0.0,12.7,4,2025,1,23,38.0,8,2020,8,20,20.2,8,2021,2,22,1978,2025-02-05
63216,兵庫県,柏原（カイバラ）,,2025,2,5,14,0,3.4,4,12.0,6.0,4.0,-4.6,-3.3,99.0,0.0,,,0.0,13.8,4,2025,1,20,39.2,8,1994,8,8,20.8,8,2010,2,24,1978,2025-02-05
63251,兵庫県,一宮（イチノミヤ）,,2025,2,5,14,0,1.1,4,12.0,56.0,4.0,-6.4,-2.9,99.0,0.0,,,0.0,13.8,4,2025,1,23,38.5,8,2018,8,4,20.7,8,2021,2,21,1978,2025-02-05
63321,兵庫県,福崎（フクサキ）,,2025,2,5,14,0,2.7,4,12.0,21.0,4.0,-6.1,-2.8,99.0,0.0,,,0.0,14.4,4,2025,1,20,38.9,8,2023,8,20,22.3,8,2004,2,22,1977,2025-02-05
63331,兵庫県,西脇（ニシワキ）,,2025,2,5,14,0,5.4,4,12.0,42.0,4.0,-3.5,-3.0,99.0,0.0,,,0.0,14.9,4,2025,1,20,39.5,8,2024,8,14,21.2,8,2004,2,22,1978,2025-02-05
63366,兵庫県,上郡（カミゴオリ）,,2025,2,5,14,0,3.8,4,11.0,31.0,4.0,-5.4,-0.9,99.0,0.0,,,0.0,14.3,4,2025,1,23,37.7,8,2024,7,29,21.9,8,2004,2,22,1978,2025-02-05
63383,兵庫県,姫路（ヒメジ）,47769.0,2025,2,5,14,0,5.9,4,12.0,6.0,4.0,-3.7,-1.5,99.0,0.0,,,0.0,15.3,4,2025,1,24,38.0,8,2020,8,31,21.6,8,2004,2,22,1948,2025-02-05
63411,兵庫県,三田（サンダ）,,2025,2,5,14,0,3.5,4,12.0,49.0,4.0,-4.2,-1.8,99.0,0.0,,,0.0,13.9,4,2025,1,19,38.4,8,1994,8,8,20.8,8,2010,2,25,1978,2025-02-05
63461,兵庫県,三木（ミキ）,,2025,2,5,14,0,2.5,4,12.0,35.0,4.0,-5.6,-1.6,99.0,0.0,,,0.0,13.2,4,2025,1,24,37.8,8,2018,7,24,19.2,8,2010,2,25,1977,2025-02-05
63491,兵庫県,家島（イエシマ）,,2025,2,5,14,0,3.3,4,12.0,34.0,4.0,-4.9,-0.6,99.0,0.0,,,0.0,12.7,4,2025,1,24,35.3,8,2006,8,9,19.5,8,2004,2,22,1978,2025-02-05
63496,兵庫県,明石（アカシ）,,2025,2,5,14,0,5.7,4,13.0,43.0,4.0,-3.0,-0.3,99.0,0.0,,,0.0,14.7,4,2025,1,24,37.2,8,2019,8,13,18.1,8,2016,2,14,1992,2025-02-05
63517,兵庫県,神戸空港（コウベクウコウ）,,2025,2,5,14,0,5.6,4,13.0,8.0,4.0,-3.4,-0.2,99.0,0.0,,,0.0,13.1,4,2025,1,19,37.0,8,2024,8,14,19.5,8,2010,2,25,2006,2025-02-05
63518,兵庫県,神戸（コウベ）,47770.0,2025,2,5,14,0,5.7,4,13.0,56.0,4.0,-3.5,-0.3,99.0,0.0,,,0.0,13.5,4,2025,1,20,38.8,8,1994,8,8,20.8,8,1930,2,24,1896,2025-02-05
63551,兵庫県,郡家（グンゲ）,,2025,2,5,14,0,5.2,4,11.0,0.0,4.0,-4.0,-1.1,99.0,0.0,,,0.0,13.5,4,2025,1,24,38.2,8,2024,8,3,22.0,8,2004,2,22,1978,2025-02-05
63571,兵庫県,洲本（スモト）,47776.0,2025,2,5,14,0,4.2,4,13.0,17.0,4.0,-5.6,-1.6,99.0,0.0,,,0.0,15.0,4,2025,1,23,38.0,8,2020,8,17,22.2,8,2021,2,22,1919,2025-02-05
63588,兵庫県,南淡（ナンダン）,,2025,2,5,14,0,4.8,4,13.0,56.0,4.0,-5.1,-0.4,99.0,0.0,,,0.0,14.3,4,2025,1,24,37.6,8,2019,8,13,21.3,8,2024,2,20,2004,2025-02-05
64036,奈良県,奈良（ナラ）,47780.0,2025,2,5,14,0,4.1,4,11.0,35.0,4.0,-4.8,-1.1,99.0,0.0,,,0.0,14.8,4,2025,1,23,39.3,8,1994,8,8,23.9,8,2010,2,25,1953,2025-02-05
64041,奈良県,針（ハリ）,,2025,2,5,14,0,0.4,4,12.0,25.0,4.0,-5.0,-0.4,99.0,0.0,,,0.0,12.6,4,2025,1,19,36.0,8,2020,8,10,18.3,8,2010,2,10,1978,2025-02-05
64101,奈良県,大宇陀（オオウダ）,,2025,2,5,14,0,2.5,4,12.0,14.0,4.0,-4.5,0.6,99.0,0.0,,,0.0,14.5,4,2025,1,19,36.5,8,2020,8,10,21.5,8,2010,2,10,1978,2025-02-05
64127,奈良県,五條（ゴジョウ）,,2025,2,5,14,0,2.7,4,9.0,41.0,4.0,-5.8,-2.1,99.0,0.0,,,0.0,14.9,4,2025,1,23,37.9,8,2024,8,23,21.6,8,2010,2,24,2005,2025-02-05
64206,奈良県,上北山（カミキタヤマ）,,2025,2,5,14,0,2.3,4,12.0,56.0,4.0,-6.2,-0.9,99.0,0.0,,,0.0,14.5,4,2025,1,23,39.3,8,2020,8,17,21.9,8,1998,2,14,1978,2025-02-05
64227,奈良県,風屋（カゼヤ）,,2025,2,5,14,0,2.4,4,11.0,13.0,4.0,-6.0,-0.8,99.0,0.0,,,0.0,15.1,4,2025,1,23,39.9,8,2024,8,2,20.9,8,1998,2,13,1977,2025-02-05
65026,和歌山県,かつらぎ（カツラギ）,,2025,2,5,14,0,4.3,4,9.0,26.0,4.0,-4.6,-0.2,99.0,0.0,,,0.0,16.4,4,2025,1,19,40.6,8,1994,8,8,22.0,8,1996,2,14,1979,2025-02-05
65036,和歌山県,友ケ島（トモガシマ）,,2025,2,5,14,0,6.2,4,13.0,41.0,4.0,-3.3,-0.2,99.0,0.0,,,0.0,14.7,4,2025,1,2,37.8,8,2024,8,1,20.2,8,2016,2,14,1998,2025-02-05
65042,和歌山県,和歌山（ワカヤマ）,47777.0,2025,2,5,14,0,4.2,4,14.0,0.0,4.0,-5.6,-1.3,99.0,0.0,,,0.0,15.2,4,2025,1,23,38.5,8,2013,8,11,22.0,8,1962,2,11,1879,2025-02-05
65061,和歌山県,高野山（コウヤサン）,,2025,2,5,14,0,-3.9,4,9.0,59.0,4.0,-7.4,-1.6,99.0,0.0,,,0.0,10.1,4,2025,1,23,33.7,8,2014,7,26,17.9,8,1996,2,14,1979,2025-02-05
65121,和歌山県,清水（シミズ）,,2025,2,5,14,0,3.1,4,13.0,34.0,4.0,-5.0,0.3,99.0,0.0,,,0.0,15.0,4,2025,1,19,37.0,8,1994,8,8,21.2,8,2024,2,20,1979,2025-02-05
65162,和歌山県,龍神（リュウジン）,,2025,2,5,14,0,1.6,4,12.0,47.0,4.0,-6.1,-0.6,99.0,0.0,,,0.0,14.9,4,2025,1,24,37.2,8,2020,8,17,22.3,8,2024,2,20,1994,2025-02-05
65201,和歌山県,川辺（カワベ）,,2025,2,5,14,0,5.0,4,12.0,23.0,4.0,-5.2,-0.3,99.0,0.0,,,0.0,16.4,4,2025,1,19,38.4,8,2020,8,17,22.8,8,2024,2,20,1999,2025-02-05
65256,和歌山県,栗栖川（クリスガワ）,,2025,2,5,14,0,6.2,4,12.0,32.0,4.0,-4.3,0.5,99.0,0.0,,,0.0,18.1,4,2025,1,24,39.3,8,2013,8,11,24.7,8,2024,2,20,1979,2025-02-05
65276,和歌山県,新宮（シングウ）,,2025,2,5,14,0,7.2,4,12.0,8.0,4.0,-4.9,-1.1,99.0,0.0,,,0.0,16.5,4,2025,1,20,39.6,8,2024,7,8,24.8,8,2020,2,13,1979,2025-02-05
65288,和歌山県,南紀白浜（ナンキシラハマ）,,2025,2,5,14,0,6.1,4,14.0,0.0,4.0,-4.9,0.2,99.0,0.0,,,0.0,16.1,4,2025,1,23,37.5,8,2020,8,15,21.8,8,2024,2,20,2006,2025-02-05
65306,和歌山県,西川（ニシカワ）,,2025,2,5,14,0,6.5,4,12.0,45.0,4.0,-4.6,1.2,99.0,0.0,,,0.0,15.8,4,2025,1,24,38.9,8,2020,8,16,23.7,8,2024,2,20,1979,2025-02-05
65356,和歌山県,潮岬（シオノミサキ）,47778.0,2025,2,5,14,0,5.5,4,12.0,40.0,4.0,-6.1,-1.2,99.0,0.0,,,0.0,16.5,4,2025,1,23,36.1,8,2020,8,16,23.4,8,2009,2,14,1913,2025-02-05
66046,岡山県,上長田（カミナガタ）,,2025,2,5,14,0,-2.2,4,10.0,36.0,4.0,-6.4,-1.0,99.0,0.0,,,0.0,10.4,4,2025,1,23,34.9,8,1994,8,7,18.7,8,2021,2,22,1978,2025-02-05
66091,岡山県,千屋（チヤ）,,2025,2,5,14,0,-2.7,4,10.0,58.0,4.0,-6.6,-2.0,99.0,0.0,,,0.0,12.2,4,2025,1,23,35.1,8,2024,8,3,20.0,8,2010,2,24,1978,2025-02-05
66127,岡山県,奈義（ナギ）,,2025,2,5,14,0,1.8,4,12.0,44.0,4.0,-5.0,-1.7,99.0,0.0,,,0.0,13.1,4,2025,1,20,37.2,8,1994,8,6,20.1,8,2021,2,22,1977,2025-02-05
66136,岡山県,今岡（イマオカ）,,2025,2,5,14,0,1.7,4,12.0,56.0,4.0,-4.9,-1.8,99.0,0.0,,,0.0,12.7,4,2025,1,23,38.5,8,1994,8,7,20.6,8,2004,2,22,1978,2025-02-05
66171,岡山県,久世（クセ）,,2025,2,5,14,0,1.5,4,12.0,4.0,4.0,-6.1,-1.4,99.0,0.0,,,0.0,14.3,4,2025,1,23,39.3,8,1994,8,7,21.8,8,2021,2,21,1978,2025-02-05
66186,岡山県,津山（ツヤマ）,47756.0,2025,2,5,14,0,2.7,4,13.0,22.0,4.0,-5.4,-3.1,99.0,0.0,,,0.0,13.7,4,2025,1,24,38.4,8,2018,8,5,22.5,8,2004,2,22,1943,2025-02-05
66221,岡山県,新見（ニイミ）,,2025,2,5,14,0,-2.1,4,13.0,57.0,4.0,-8.0,-3.4,99.0,0.0,,,0.0,13.2,4,2025,1,23,36.9,8,2024,8,1,19.7,8,2021,2,21,1978,2025-02-05
66296,岡山県,福渡（フクワタリ）,,2025,2,5,14,0,3.9,4,12.0,4.0,4.0,-4.9,1.0,99.0,0.0,,,0.0,14.2,4,2025,1,20,39.0,8,1994,7,16,21.9,8,2004,2,22,1979,2025-02-05
66306,岡山県,和気（ワケ）,,2025,2,5,14,0,4.6,4,11.0,47.0,4.0,-4.5,0.6,99.0,0.0,,,0.0,14.4,4,2025,1,24,37.9,8,2016,8,8,21.9,8,2004,2,22,1979,2025-02-05
66336,岡山県,高梁（タカハシ）,,2025,2,5,14,0,2.3,4,11.0,12.0,4.0,-6.5,-1.5,99.0,0.0,,,0.0,15.5,4,2025,1,23,39.3,8,2020,8,21,22.4,8,2021,2,21,1979,2025-02-05
66346,岡山県,日応寺（ニチオウジ）,,2025,2,5,14,0,2.1,4,11.0,59.0,4.0,-5.7,-2.2,99.0,0.0,,,0.0,13.3,4,2025,1,23,37.0,8,2018,7,24,21.0,8,2004,2,22,2003,2025-02-05
66408,岡山県,岡山（オカヤマ）,47768.0,2025,2,5,14,0,4.7,4,11.0,44.0,4.0,-5.0,-1.1,99.0,0.0,,,0.0,14.4,4,2025,1,24,39.3,8,1994,8,7,22.3,8,1954,2,27,1891,2025-02-05
66421,岡山県,虫明（ムシアゲ）,,2025,2,5,14,0,4.4,4,12.0,10.0,4.0,-4.9,-0.9,99.0,0.0,,,0.0,13.1,4,2025,1,22,37.4,8,2004,7,30,22.0,8,2021,2,22,1979,2025-02-05
66446,岡山県,倉敷（クラシキ）,,2025,2,5,14,0,4.1,4,12.0,19.0,4.0,-5.1,-1.4,99.0,0.0,,,0.0,14.2,4,2025,1,23,37.1,8,1994,8,8,22.5,8,2010,2,25,1979,2025-02-05
66481,岡山県,笠岡（カサオカ）,,2025,2,5,14,0,4.7,4,11.0,39.0,4.0,-4.7,-0.4,99.0,0.0,,,0.0,14.1,4,2025,1,23,38.0,8,2023,7,27,21.7,8,2004,2,22,1979,2025-02-05
66501,岡山県,玉野（タマノ）,,2025,2,5,14,0,4.4,4,12.0,6.0,4.0,-4.7,-1.0,99.0,0.0,,,0.0,13.3,4,2025,1,23,38.2,8,1995,8,19,19.8,8,2021,2,22,1976,2025-02-05
67016,広島県,高野（タカノ）,,2025,2,5,14,0,-4.8,4,13.0,9.0,4.0,-8.3,-2.0,99.0,0.0,,,0.0,9.4,4,2025,1,23,35.1,8,2023,7,27,18.4,8,2010,2,24,1978,2025-02-05
67106,広島県,三次（ミヨシ）,,2025,2,5,14,0,-1.1,4,13.0,5.0,4.0,-8.3,-1.2,99.0,0.0,,,0.0,14.0,4,2025,1,23,38.5,8,2024,8,3,21.1,8,2010,2,24,1978,2025-02-05
67116,広島県,庄原（ショウバラ）,,2025,2,5,14,0,-1.7,4,12.0,49.0,4.0,-8.1,-2.2,99.0,0.0,,,0.0,13.3,4,2025,1,23,38.1,8,2021,8,5,21.4,8,2010,2,24,1976,2025-02-05
67151,広島県,大朝（オオアサ）,,2025,2,5,14,0,-2.9,4,12.0,44.0,4.0,-8.1,-1.6,99.0,0.0,,,0.0,12.0,4,2025,1,23,36.2,8,2018,7,15,19.3,8,2004,2,20,1977,2025-02-05
67191,広島県,油木（ユキ）,,2025,2,5,14,0,-2.2,4,13.0,23.0,4.0,-7.1,-0.6,99.0,0.0,,,0.0,11.7,4,2025,1,23,34.9,8,2024,8,15,18.7,8,1996,2,14,1978,2025-02-05
67212,広島県,加計（カケ）,,2025,2,5,14,0,-0.9,4,9.0,51.0,4.0,-8.5,-0.3,99.0,0.0,,,0.0,17.1,4,2025,1,23,39.5,8,2024,8,15,22.6,8,2004,2,20,1978,2025-02-05
67292,広島県,三入（ミイリ）,,2025,2,5,14,0,0.1,4,12.0,56.0,4.0,-8.6,-1.3,99.0,0.0,,,0.0,14.8,4,2025,1,23,38.9,8,1994,7,16,20.4,8,2004,2,20,1979,2025-02-05
67316,広島県,世羅（セラ）,,2025,2,5,14,0,-1.1,4,11.0,4.0,4.0,-7.8,-1.0,99.0,0.0,,,0.0,14.1,4,2025,1,23,37.4,8,1994,8,7,19.6,8,2004,2,20,1977,2025-02-05
67326,広島県,府中（フチュウ）,,2025,2,5,14,0,2.5,4,10.0,57.0,4.0,-6.5,-0.9,99.0,0.0,,,0.0,14.9,4,2025,1,23,38.7,8,2023,7,28,22.2,8,1996,2,14,1979,2025-02-05
67376,広島県,東広島（ヒガシヒロシマ）,,2025,2,5,14,0,0.0,4,11.0,6.0,4.0,-7.8,-0.4,99.0,0.0,,,0.0,14.5,4,2025,1,23,37.0,8,1994,7,17,20.7,8,2004,2,20,1979,2025-02-05
67386,広島県,本郷（ホンゴウ）,,2025,2,5,14,0,1.4,4,11.0,35.0,4.0,-5.9,0.2,99.0,0.0,,,0.0,12.9,4,2025,1,23,36.3,8,2018,7,24,19.3,8,2010,2,25,2003,2025-02-05
67401,広島県,福山（フクヤマ）,47767.0,2025,2,5,14,0,4.5,4,11.0,21.0,4.0,-5.2,-0.7,99.0,0.0,,,0.0,14.0,4,2025,1,23,38.5,8,2021,8,5,23.6,8,1954,2,27,1942,2025-02-05
67421,広島県,廿日市津田（ハツカイチツタ）,,2025,2,5,14,0,-1.3,4,13.0,14.0,4.0,-8.3,-0.8,99.0,0.0,,,0.0,13.3,4,2025,1,24,37.4,8,1994,7,16,19.8,8,2021,2,21,1978,2025-02-05
67437,広島県,広島（ヒロシマ）,47765.0,2025,2,5,14,0,4.3,4,13.0,0.0,4.0,-5.7,0.5,99.0,0.0,,,0.0,15.6,4,2025,1,24,38.7,8,2024,8,16,21.5,8,2009,2,14,1879,2025-02-05
67461,広島県,竹原（タケハラ）,,2025,2,5,14,0,3.4,4,10.0,48.0,4.0,-5.6,-0.5,99.0,0.0,,,0.0,13.7,4,2025,1,23,34.8,8,2017,8,6,19.5,8,2009,2,14,1979,2025-02-05
67471,広島県,生口島（イクチジマ）,,2025,2,5,14,0,4.3,4,12.0,15.0,4.0,-4.9,0.6,99.0,0.0,,,0.0,13.1,4,2025,1,24,37.8,8,2024,8,15,20.4,8,2021,2,22,1979,2025-02-05
67496,広島県,大竹（オオタケ）,,2025,2,5,14,0,3.4,4,13.0,21.0,4.0,-6.2,-0.2,99.0,0.0,,,0.0,14.6,4,2025,1,24,38.0,8,2020,8,30,22.0,8,2021,2,21,1979,2025-02-05
67511,広島県,呉（クレ）,47766.0,2025,2,5,14,0,2.8,4,13.0,48.0,4.0,-6.6,-1.1,99.0,0.0,,,0.0,14.0,4,2025,1,23,37.8,8,1948,8,20,21.5,8,1954,2,27,1894,2025-02-05
67576,広島県,呉市蒲刈（クレシカマガリ）,,2025,2,5,14,0,3.4,4,13.0,33.0,4.0,-6.0,-1.7,99.0,0.0,,,0.0,14.7,4,2025,1,23,36.4,8,2023,8,20,19.8,8,2024,2,20,2009,2025-02-05
68022,島根県,西郷（サイゴウ）,47740.0,2025,2,5,14,0,0.8,4,10.0,39.0,4.0,-7.1,-1.3,99.0,0.0,,,0.0,13.0,4,2025,1,23,35.8,8,1994,8,14,20.1,8,1954,2,27,1939,2025-02-05
68046,島根県,西郷岬（サイゴウミサキ）,,2025,2,5,14,0,0.3,4,5.0,17.0,4.0,-7.0,-1.3,99.0,0.0,,,0.0,12.6,4,2025,1,19,35.3,8,2018,8,13,18.9,8,2010,2,25,2003,2025-02-05
68056,島根県,海士（アマ）,,2025,2,5,14,0,1.5,4,3.0,35.0,4.0,-6.4,-1.7,99.0,0.0,,,0.0,12.5,4,2025,1,19,35.9,8,2022,8,1,21.9,8,2010,2,25,1978,2025-02-05
68091,島根県,鹿島（カシマ）,,2025,2,5,14,0,2.4,4,0.0,48.0,4.0,-5.8,-1.8,99.0,0.0,,,0.0,15.0,4,2025,1,19,37.5,8,2010,8,5,22.7,8,2010,2,25,1978,2025-02-05
68121,島根県,斐川（ヒカワ）,,2025,2,5,14,0,1.0,4,12.0,32.0,4.0,-7.2,-1.9,99.0,0.0,,,0.0,14.2,4,2025,1,19,37.9,8,2018,8,22,23.0,8,2010,2,25,2003,2025-02-05
68132,島根県,松江（マツエ）,47741.0,2025,2,5,14,0,1.6,4,12.0,30.0,4.0,-6.8,-2.3,99.0,0.0,,,0.0,14.3,4,2025,1,19,38.5,8,1994,8,1,24.7,8,1954,2,27,1940,2025-02-05
68156,島根県,出雲（イズモ）,,2025,2,5,14,0,1.4,4,5.0,37.0,4.0,-7.0,-1.7,99.0,0.0,,,0.0,13.8,4,2025,1,19,38.4,8,2017,8,6,22.8,8,2010,2,25,1978,2025-02-05
68246,島根県,大田（オオダ）,,2025,2,5,14,0,1.5,4,12.0,11.0,4.0,-7.3,-1.3,99.0,0.0,,,0.0,14.5,4,2025,1,19,39.2,8,2021,8,6,23.2,8,2004,2,21,1978,2025-02-05
68261,島根県,掛合（カケヤ）,,2025,2,5,14,0,-1.2,4,4.0,35.0,4.0,-7.6,-2.0,99.0,0.0,,,0.0,12.6,4,2025,1,23,37.2,8,2021,8,6,22.2,8,2010,2,24,1978,2025-02-05
68276,島根県,横田（ヨコタ）,,2025,2,5,14,0,-3.1,4,12.0,45.0,4.0,-8.1,-1.6,99.0,0.0,,,0.0,12.1,4,2025,1,23,36.3,8,2010,8,19,21.0,8,2010,2,24,1978,2025-02-05
68306,島根県,赤名（アカナ）,,2025,2,5,14,0,-3.4,4,13.0,9.0,4.0,-7.3,-2.3,99.0,0.0,,,0.0,9.0,4,2025,1,23,35.1,8,2018,7,16,18.6,8,2010,2,24,1978,2025-02-05
68351,島根県,川本（カワモト）,,2025,2,5,14,0,0.2,4,12.0,15.0,4.0,-7.2,-1.6,99.0,0.0,,,0.0,13.4,4,2025,1,24,37.9,8,2021,8,6,22.9,8,2010,2,24,1978,2025-02-05
68376,島根県,浜田（ハマダ）,47755.0,2025,2,5,14,0,2.8,4,12.0,18.0,4.0,-6.6,-0.1,99.0,0.0,,,0.0,13.9,4,2025,1,23,38.5,8,2017,8,6,25.5,8,1954,2,27,1893,2025-02-05
68401,島根県,瑞穂（ミズホ）,,2025,2,5,14,0,-1.3,4,12.0,48.0,4.0,-6.7,-1.1,99.0,0.0,,,0.0,12.4,4,2025,1,23,36.8,8,2024,8,15,20.5,8,2021,2,22,1978,2025-02-05
68431,島根県,弥栄（ヤサカ）,,2025,2,5,14,0,-2.1,4,0.0,43.0,4.0,-7.8,-1.2,99.0,0.0,,,0.0,11.7,4,2025,1,23,36.0,8,2024,8,22,22.0,8,2010,2,24,1978,2025-02-05
68456,島根県,高津（タカツ）,,2025,2,5,14,0,3.2,4,12.0,19.0,4.0,-5.6,0.6,99.0,0.0,,,0.0,14.2,4,2025,1,23,37.2,8,2024,8,22,23.1,8,2021,2,22,2003,2025-02-05
68462,島根県,益田（マスダ）,,2025,2,5,14,0,2.5,4,12.0,21.0,4.0,-6.8,0.0,99.0,0.0,,,0.0,15.1,4,2025,1,23,39.3,8,2017,8,6,24.1,8,2021,2,22,1978,2025-02-05
68516,島根県,津和野（ツワノ）,,2025,2,5,14,0,0.2,4,12.0,18.0,4.0,-7.8,-1.2,99.0,0.0,,,0.0,15.9,4,2025,1,23,38.9,8,2024,8,21,21.8,8,2004,2,20,1978,2025-02-05
68541,島根県,吉賀（ヨシカ）,,2025,2,5,14,0,-1.1,4,12.0,48.0,4.0,-8.4,-1.1,99.0,0.0,,,0.0,13.8,4,2025,1,23,36.8,8,2020,8,19,20.4,8,2014,2,2,2006,2025-02-05
69006,鳥取県,境（サカイ）,47742.0,2025,2,5,14,0,1.7,4,12.0,58.0,4.0,-6.6,-1.9,99.0,0.0,,,0.0,14.7,4,2025,1,19,38.5,8,2022,8,1,24.6,8,1954,2,27,1883,2025-02-05
69021,鳥取県,塩津（シオツ）,,2025,2,5,14,0,1.8,4,4.0,42.0,4.0,-6.2,-1.5,99.0,0.0,,,0.0,13.9,4,2025,1,19,37.5,8,2022,8,1,23.9,8,2004,2,22,1977,2025-02-05
69041,鳥取県,青谷（アオヤ）,,2025,2,5,14,0,1.3,4,10.0,6.0,4.0,-6.7,-1.0,99.0,0.0,,,0.0,14.7,4,2025,1,19,38.5,8,2022,8,1,23.1,8,2010,2,25,1978,2025-02-05
69052,鳥取県,湖山（コヤマ）,,2025,2,5,14,0,1.8,4,10.0,43.0,4.0,-6.1,-1.2,99.0,0.0,,,0.0,14.5,4,2025,1,19,39.2,8,2018,8,23,22.4,8,2021,2,22,2003,2025-02-05
69061,鳥取県,岩井（イワイ）,,2025,2,5,14,0,1.2,4,10.0,53.0,4.0,-6.3,-0.9,99.0,0.0,,,0.0,14.1,4,2025,1,19,37.6,8,2018,8,22,22.4,8,2004,2,22,1978,2025-02-05
69076,鳥取県,米子（ヨナゴ）,47744.0,2025,2,5,14,0,1.2,4,13.0,51.0,4.0,-7.1,-2.5,99.0,0.0,,,0.0,14.9,4,2025,1,19,38.9,8,2022,8,1,25.4,8,1954,2,27,1939,2025-02-05
69101,鳥取県,倉吉（クラヨシ）,,2025,2,5,14,0,0.6,4,10.0,26.0,4.0,-7.1,-3.4,99.0,0.0,,,0.0,14.5,4,2025,1,19,37.9,8,2023,8,2,22.4,8,2021,2,21,1978,2025-02-05
69122,鳥取県,鳥取（トットリ）,47746.0,2025,2,5,14,0,1.9,4,10.0,54.0,4.0,-6.1,-2.3,99.0,0.0,,,0.0,15.0,4,2025,1,19,39.4,8,2024,8,22,23.2,8,1996,2,14,1943,2025-02-05
69246,鳥取県,智頭（チズ）,,2025,2,5,14,0,1.1,4,12.0,59.0,4.0,-4.9,-3.4,99.0,0.0,,,0.0,14.3,4,2025,1,23,38.9,8,2018,8,5,20.9,8,2004,2,22,1978,2025-02-05
69271,鳥取県,茶屋（チャヤ）,,2025,2,5,14,0,-4.2,4,13.0,44.0,4.0,-8.1,-1.8,99.0,0.0,,,0.0,9.9,4,2025,1,23,34.9,8,2020,8,19,19.1,8,2010,2,24,1978,2025-02-05
71066,徳島県,池田（イケダ）,,2025,2,5,14,0,2.4,4,11.0,28.0,4.0,-5.7,-1.4,99.0,0.0,,,0.0,14.8,4,2025,1,23,37.6,8,2024,8,22,24.4,8,2024,2,20,1978,2025-02-05
71087,徳島県,穴吹（アナブキ）,,2025,2,5,14,0,2.0,4,13.0,7.0,4.0,-7.1,-2.1,99.0,0.0,,,0.0,15.5,4,2025,1,23,38.4,8,2020,8,17,23.5,8,2024,2,20,2001,2025-02-05
71106,徳島県,徳島（トクシマ）,47895.0,2025,2,5,14,0,4.1,4,11.0,47.0,4.0,-5.9,-0.7,99.0,0.0,,,0.0,13.8,4,2025,2,3,38.4,8,1994,7,15,23.2,8,2004,2,22,1891,2025-02-05
71191,徳島県,京上（キョウジョウ）,,2025,2,5,14,0,-0.3,4,12.0,32.0,4.0,-7.0,-0.2,99.0,0.0,,,0.0,14.7,4,2025,1,23,36.1,8,2024,8,3,22.9,8,2024,2,20,1978,2025-02-05
71231,徳島県,蒲生田（カモダ）,,2025,2,5,14,0,7.3,4,13.0,37.0,4.0,-2.8,1.0,99.0,0.0,,,0.0,13.6,4,2025,2,3,36.3,8,2013,8,11,21.2,8,2009,2,14,1978,2025-02-05
71251,徳島県,木頭（キトウ）,,2025,2,5,14,0,4.0,4,11.0,57.0,4.0,-5.2,0.5,99.0,0.0,,,0.0,15.2,4,2025,1,23,39.0,8,2020,8,18,22.3,8,1996,2,14,1979,2025-02-05
71266,徳島県,日和佐（ヒワサ）,,2025,2,5,14,0,8.9,4,12.0,52.0,4.0,-3.0,0.4,99.0,0.0,,,0.0,17.2,4,2025,2,3,38.3,8,2024,8,15,23.3,8,2016,2,14,1976,2025-02-05
71291,徳島県,海陽（カイヨウ）,,2025,2,5,14,0,7.9,4,12.0,6.0,4.0,-4.0,-0.1,99.0,0.0,,,0.0,16.4,4,2025,1,24,36.9,8,2013,8,23,24.3,8,2016,2,14,2009,2025-02-05
72061,香川県,内海（ウチノミ）,,2025,2,5,14,0,3.6,4,9.0,53.0,4.0,-5.9,-1.6,99.0,0.0,,,0.0,14.0,4,2025,1,20,38.4,8,2000,8,21,23.9,8,2004,2,22,1978,2025-02-05
72086,香川県,高松（タカマツ）,47891.0,2025,2,5,14,0,4.4,4,13.0,6.0,4.0,-5.3,-1.0,99.0,0.0,,,0.0,14.6,4,2025,1,23,38.6,8,2013,8,11,24.0,8,1954,2,27,1941,2025-02-05
72111,香川県,多度津（タドツ）,47890.0,2025,2,5,14,0,5.0,4,11.0,56.0,4.0,-4.5,-0.1,99.0,0.0,,,0.0,14.5,4,2025,1,23,38.5,8,1994,7,16,24.8,8,1954,2,27,1892,2025-02-05
72121,香川県,滝宮（タキノミヤ）,,2025,2,5,14,0,4.4,4,12.0,20.0,4.0,-4.8,-0.2,99.0,0.0,,,0.0,15.0,4,2025,1,23,38.1,8,2024,8,4,24.4,8,2004,2,22,1978,2025-02-05
72126,香川県,香南（コウナン）,,2025,2,5,14,0,3.6,4,12.0,40.0,4.0,-4.7,0.3,99.0,0.0,,,0.0,14.4,4,2025,1,23,37.8,8,2018,8,14,22.8,8,2004,2,22,2003,2025-02-05
72146,香川県,引田（ヒケタ）,,2025,2,5,14,0,4.0,4,13.0,48.0,4.0,-5.0,-1.0,99.0,0.0,,,0.0,13.4,4,2025,1,20,37.1,8,2024,7,29,24.2,8,2004,2,22,1978,2025-02-05
72161,香川県,財田（サイタ）,,2025,2,5,14,0,4.6,4,12.0,0.0,4.0,-4.9,1.3,99.0,0.0,,,0.0,15.1,4,2025,1,23,38.4,8,2017,8,6,23.5,8,2010,2,25,1978,2025-02-05
73001,愛媛県,大三島（オオミシマ）,,2025,2,5,14,0,3.7,4,13.0,46.0,4.0,-5.7,-0.5,99.0,0.0,,,0.0,14.8,4,2025,1,23,38.0,8,1994,7,16,20.5,8,2024,2,20,1978,2025-02-05
73076,愛媛県,今治（イマバリ）,,2025,2,5,14,0,4.0,4,10.0,16.0,4.0,-5.7,-0.2,99.0,0.0,,,0.0,13.8,4,2025,1,20,37.7,8,2008,8,3,21.7,8,2021,2,21,1976,2025-02-05
73126,愛媛県,西条（サイジョウ）,,2025,2,5,14,0,4.5,4,12.0,21.0,4.0,-5.0,-0.8,99.0,0.0,,,0.0,14.0,4,2025,1,20,37.9,8,2022,8,15,23.1,8,2021,2,21,1978,2025-02-05
73141,愛媛県,新居浜（ニイハマ）,,2025,2,5,14,0,3.4,4,10.0,49.0,4.0,,-0.9,,,,,0.0,15.1,4,2025,1,23,37.9,8,2020,8,16,22.6,8,2021,2,21,2016,2025-02-05
73151,愛媛県,四国中央（シコクチュウオウ）,,2025,2,5,14,0,3.9,4,11.0,32.0,4.0,-5.2,-0.4,99.0,0.0,,,0.0,13.6,4,2025,1,23,38.3,8,2018,7,24,23.7,8,2004,2,22,1978,2025-02-05
73166,愛媛県,松山（マツヤマ）,47887.0,2025,2,5,14,0,4.7,4,12.0,10.0,4.0,-5.4,0.1,99.0,0.0,,,0.0,16.5,4,2025,1,23,37.4,8,2018,8,7,24.5,8,1954,2,27,1890,2025-02-05
73168,愛媛県,松山南吉田（マツヤマミナミヨシダ）,,2025,2,5,14,0,5.7,4,12.0,10.0,4.0,-4.2,0.2,99.0,0.0,,,0.0,14.3,4,2025,1,24,37.4,8,2020,8,26,24.3,8,2004,2,22,2003,2025-02-05
73256,愛媛県,長浜（ナガハマ）,,2025,2,5,14,0,4.3,4,1.0,37.0,4.0,-5.2,-1.0,99.0,0.0,,,0.0,13.5,4,2025,1,23,36.3,8,2024,7,19,22.4,8,2004,2,22,1978,2025-02-05
73276,愛媛県,久万（クマ）,,2025,2,5,14,0,-1.2,4,13.0,24.0,4.0,-7.8,-0.9,99.0,0.0,,,0.0,13.8,4,2025,1,23,36.5,8,2020,8,17,22.0,8,2024,2,20,1978,2025-02-05
73306,愛媛県,大洲（オオズ）,,2025,2,5,14,0,1.7,4,4.0,4.0,4.0,-8.3,-2.4,99.0,0.0,,,0.0,16.8,4,2025,1,23,38.3,8,2020,8,17,24.4,8,2024,2,20,1978,2025-02-05
73341,愛媛県,瀬戸（セト）,,2025,2,5,14,0,0.8,4,4.0,4.0,4.0,-8.0,-1.7,99.0,0.0,,,0.0,12.4,4,2025,1,23,34.4,8,2023,8,5,21.1,8,2010,2,10,1997,2025-02-05
73406,愛媛県,宇和（ウワ）,,2025,2,5,14,0,0.8,4,10.0,24.0,4.0,-8.1,-1.5,99.0,0.0,,,0.0,16.0,4,2025,1,23,38.2,8,2018,8,14,22.6,8,2024,2,20,1978,2025-02-05
73442,愛媛県,宇和島（ウワジマ）,47892.0,2025,2,5,14,0,4.6,4,12.0,31.0,4.0,-6.7,-1.2,99.0,0.0,,,0.0,17.0,4,2025,1,23,40.2,8,1927,7,22,23.7,8,1979,2,21,1922,2025-02-05
73446,愛媛県,近永（チカナガ）,,2025,2,5,14,0,1.1,4,12.0,16.0,4.0,-8.8,-1.9,99.0,0.0,,,0.0,17.5,4,2025,1,23,37.6,8,2013,8,12,23.4,8,2024,2,20,1979,2025-02-05
73516,愛媛県,御荘（ミショウ）,,2025,2,5,14,0,6.5,4,12.0,58.0,4.0,-5.1,0.9,99.0,0.0,,,0.0,17.1,4,2025,1,23,39.0,8,2020,8,15,23.7,8,2024,2,20,1978,2025-02-05
74056,高知県,本川（ホンガワ）,,2025,2,5,14,0,-0.9,4,12.0,32.0,4.0,-7.1,-0.4,99.0,0.0,,,0.0,12.1,4,2025,1,23,36.5,8,1994,7,11,19.8,8,2024,2,20,1979,2025-02-05
74071,高知県,本山（モトヤマ）,,2025,2,5,14,0,3.4,4,10.0,21.0,4.0,-6.1,-0.3,99.0,0.0,,,0.0,16.2,4,2025,1,23,38.1,8,2024,8,1,23.6,8,2010,2,10,1977,2025-02-05
74136,高知県,大栃（オオドチ）,,2025,2,5,14,0,4.8,4,12.0,37.0,4.0,-5.1,0.7,99.0,0.0,,,0.0,15.2,4,2025,1,23,38.5,8,2020,8,16,22.7,8,2009,2,14,1977,2025-02-05
74182,高知県,高知（コウチ）,47893.0,2025,2,5,14,0,6.2,4,12.0,9.0,4.0,-6.0,-1.7,99.0,0.0,,,0.0,16.8,4,2025,1,20,38.4,8,1965,8,22,25.2,8,1962,2,11,1886,2025-02-05
74187,高知県,後免（ゴメン）,,2025,2,5,14,0,6.2,4,13.0,29.0,4.0,-5.2,-1.3,99.0,0.0,,,0.0,16.6,4,2025,1,24,37.2,8,2024,7,31,23.0,8,2009,2,14,1978,2025-02-05
74188,高知県,南国日章（ナンコクニッショウ）,,2025,2,5,14,0,6.5,4,13.0,57.0,4.0,-5.5,-0.3,99.0,0.0,,,0.0,16.1,4,2025,1,23,39.4,8,2024,8,16,24.7,8,2009,2,14,2003,2025-02-05
74271,高知県,安芸（アキ）,,2025,2,5,14,0,7.0,4,13.0,44.0,4.0,-5.1,-0.8,99.0,0.0,,,0.0,17.3,4,2025,1,23,36.5,8,2016,8,21,21.9,8,2009,2,14,1977,2025-02-05
74296,高知県,梼原（ユスハラ）,,2025,2,5,14,0,-1.8,4,13.0,24.0,4.0,-9.6,-2.1,99.0,0.0,,,0.0,15.0,4,2025,1,23,38.7,8,2013,8,12,23.6,8,2024,2,20,1977,2025-02-05
74311,高知県,須崎（スサキ）,,2025,2,5,14,0,4.9,4,10.0,29.0,4.0,-7.3,-0.8,99.0,0.0,,,0.0,16.4,4,2025,1,24,39.3,8,2006,8,8,23.5,8,2021,2,21,1977,2025-02-05
74361,高知県,窪川（クボカワ）,,2025,2,5,14,0,2.8,4,12.0,32.0,4.0,-8.1,0.1,99.0,0.0,,,0.0,16.2,4,2025,1,23,38.8,8,2013,8,11,24.2,8,2024,2,20,1977,2025-02-05
74372,高知県,室戸岬（ムロトミサキ）,47899.0,2025,2,5,14,0,4.7,4,12.0,58.0,4.0,-5.9,-1.2,99.0,0.0,,,0.0,13.8,4,2025,1,23,35.0,8,1942,7,30,21.1,8,1951,2,23,1920,2025-02-05
74381,高知県,江川崎（エカワサキ）,,2025,2,5,14,0,1.9,4,13.0,12.0,4.0,-8.5,-1.4,99.0,0.0,,,0.0,18.0,4,2025,1,23,41.0,8,2013,8,12,24.9,8,2024,2,20,1977,2025-02-05
74436,高知県,佐賀（サガ）,,2025,2,5,14,0,4.9,4,12.0,58.0,4.0,-6.9,-1.0,99.0,0.0,,,0.0,16.5,4,2025,1,24,38.6,8,2013,7,25,23.7,8,2009,2,14,1977,2025-02-05
74447,高知県,宿毛（スクモ）,47897.0,2025,2,5,14,0,6.4,4,12.0,35.0,4.0,-5.4,0.5,99.0,0.0,,,0.0,17.5,4,2025,1,23,39.5,8,2020,8,15,23.1,8,2024,2,20,1943,2025-02-05
74456,高知県,中村（ナカムラ）,,2025,2,5,14,0,5.3,4,13.0,55.0,4.0,-6.7,0.2,99.0,0.0,,,0.0,17.6,4,2025,1,23,39.8,8,2024,8,16,24.4,8,2009,2,14,1976,2025-02-05
74516,高知県,清水（シミズ）,47898.0,2025,2,5,14,0,6.0,4,13.0,59.0,4.0,-6.4,0.2,99.0,0.0,,,0.0,18.0,4,2025,1,23,37.2,8,2024,8,16,22.5,8,2024,2,20,1940,2025-02-05
81011,山口県,須佐（スサ）,,2025,2,5,14,0,2.4,4,12.0,8.0,4.0,-6.4,0.1,99.0,0.0,,,0.0,14.4,4,2025,1,23,37.3,8,2023,8,3,22.9,8,2010,2,24,1977,2025-02-05
81071,山口県,萩（ハギ）,47754.0,2025,2,5,14,0,2.6,4,0.0,1.0,4.0,-6.8,-0.7,99.0,0.0,,,0.0,14.0,4,2025,1,23,38.3,8,2017,8,6,23.6,8,1993,2,6,1948,2025-02-05
81116,山口県,油谷（ユヤ）,,2025,2,5,14,0,2.9,4,13.0,20.0,4.0,-6.6,0.4,99.0,0.0,,,0.0,14.2,4,2025,1,19,36.8,8,2024,8,22,23.2,8,2004,2,21,1977,2025-02-05
81151,山口県,徳佐（トクサ）,,2025,2,5,14,0,-1.7,4,12.0,52.0,4.0,-8.2,-2.0,99.0,0.0,,,0.0,13.6,4,2025,1,23,36.4,8,2021,8,6,20.1,8,2010,2,24,1977,2025-02-05
81196,山口県,秋吉台（アキヨシダイ）,,2025,2,5,14,0,0.6,4,13.0,33.0,4.0,-6.9,-0.6,99.0,0.0,,,0.0,14.3,4,2025,1,23,35.6,8,2018,7,26,21.0,8,2021,2,22,1977,2025-02-05
81231,山口県,広瀬（ヒロセ）,,2025,2,5,14,0,0.8,4,13.0,35.0,4.0,-8.0,0.0,99.0,0.0,,,0.0,16.8,4,2025,1,23,39.0,8,2024,8,15,21.4,8,2004,2,20,1976,2025-02-05
81266,山口県,豊田（トヨタ）,,2025,2,5,14,0,3.5,4,13.0,43.0,4.0,-5.3,1.3,99.0,0.0,,,0.0,15.2,4,2025,1,23,36.2,8,2001,8,2,21.8,8,2021,2,21,1977,2025-02-05
81286,山口県,山口（ヤマグチ）,47784.0,2025,2,5,14,0,3.1,4,14.0,0.0,4.0,-6.8,-0.8,99.0,0.0,,,0.0,16.4,4,2025,1,23,38.8,8,2024,8,8,22.5,8,1993,2,6,1966,2025-02-05
81321,山口県,岩国（イワクニ）,,2025,2,5,14,0,2.8,4,11.0,17.0,4.0,-6.2,-1.6,99.0,0.0,,,0.0,14.1,4,2025,1,20,38.3,8,2024,7,30,21.4,8,2021,2,21,1977,2025-02-05
81371,山口県,防府（ホウフ）,,2025,2,5,14,0,3.6,4,13.0,55.0,4.0,-6.1,0.2,99.0,0.0,,,0.0,15.5,4,2025,1,24,37.7,8,2013,8,11,21.4,8,2021,2,22,1977,2025-02-05
81386,山口県,下松（クダマツ）,,2025,2,5,14,0,3.1,4,12.0,0.0,4.0,-6.4,-0.4,99.0,0.0,,,0.0,15.3,4,2025,1,24,37.2,8,2023,8,6,21.2,8,2021,2,21,1977,2025-02-05
81397,山口県,玖珂（クガ）,,2025,2,5,14,0,3.1,4,13.0,37.0,4.0,-6.4,-0.6,99.0,0.0,,,0.0,15.8,4,2025,1,23,38.1,8,2024,8,15,21.8,8,1996,2,14,1977,2025-02-05
81428,山口県,下関（シモノセキ）,47762.0,2025,2,5,14,0,3.5,4,13.0,11.0,4.0,-6.2,0.1,99.0,0.0,,,0.0,14.8,4,2025,1,24,37.0,8,1960,8,10,23.7,8,2021,2,22,1883,2025-02-05
81436,山口県,宇部（ウベ）,,2025,2,5,14,0,2.5,4,13.0,52.0,4.0,-6.8,-0.2,99.0,0.0,,,0.0,13.6,4,2025,1,23,37.0,8,2016,8,20,18.7,8,2021,2,21,2001,2025-02-05
81481,山口県,柳井（ヤナイ）,,2025,2,5,14,0,4.7,4,12.0,26.0,4.0,-5.1,-0.5,99.0,0.0,,,0.0,14.1,4,2025,1,24,36.7,8,2024,8,2,20.4,8,2010,2,25,1977,2025-02-05
81486,山口県,安下庄（アゲノショウ）,,2025,2,5,14,0,4.8,4,12.0,6.0,4.0,-5.2,-0.5,99.0,0.0,,,0.0,14.8,4,2025,1,23,35.7,8,2023,8,20,20.7,8,2024,2,20,1977,2025-02-05
82046,福岡県,宗像（ムナカタ）,,2025,2,5,14,0,3.4,4,13.0,38.0,4.0,-6.3,0.5,99.0,0.0,,,0.0,14.2,4,2025,1,23,38.2,8,2024,8,20,23.5,8,2004,2,21,1977,2025-02-05
82056,福岡県,八幡（ヤハタ）,,2025,2,5,14,0,2.8,4,12.0,0.0,4.0,-7.1,0.0,99.0,0.0,,,0.0,14.8,4,2025,1,23,37.6,8,2024,8,20,24.0,8,2004,2,21,1977,2025-02-05
82068,福岡県,空港北町（クウコウキタマチ）,,2025,2,5,14,0,3.0,4,13.0,50.0,4.0,-6.3,-0.4,99.0,0.0,,,0.0,13.1,4,2025,1,23,36.4,8,2016,8,10,22.4,8,2021,2,22,2006,2025-02-05
82101,福岡県,行橋（ユクハシ）,,2025,2,5,14,0,3.1,4,11.0,19.0,4.0,-6.7,-0.1,99.0,0.0,,,0.0,14.1,4,2025,1,23,38.5,8,2013,8,11,22.6,8,2021,2,22,1977,2025-02-05
82136,福岡県,飯塚（イイヅカ）,47809.0,2025,2,5,14,0,4.6,4,12.0,52.0,4.0,-5.3,1.7,99.0,0.0,,,0.0,15.7,4,2025,1,23,38.3,8,2020,8,20,23.7,8,2004,2,21,1935,2025-02-05
82171,福岡県,前原（マエバル）,,2025,2,5,14,0,5.3,4,13.0,10.0,4.0,-4.8,2.2,99.0,0.0,,,0.0,15.0,4,2025,1,23,38.9,8,2017,8,5,23.7,8,2021,2,22,1977,2025-02-05
82182,福岡県,福岡（フクオカ）,47807.0,2025,2,5,14,0,6.0,4,13.0,49.0,4.0,-4.5,1.3,99.0,0.0,,,0.0,15.3,4,2025,1,23,38.3,8,2018,7,20,24.3,8,1912,2,27,1890,2025-02-05
82186,福岡県,博多（ハカタ）,,2025,2,5,14,0,5.8,4,13.0,24.0,4.0,-4.6,1.6,99.0,0.0,,,0.0,15.3,4,2025,1,24,38.2,8,2024,8,21,23.9,8,2010,2,24,2003,2025-02-05
82191,福岡県,太宰府（ダザイフ）,,2025,2,5,14,0,4.3,4,13.0,8.0,4.0,-5.6,1.2,99.0,0.0,,,0.0,15.4,4,2025,1,24,39.3,8,2024,8,2,23.1,8,2010,2,24,1977,2025-02-05
82206,福岡県,添田（ソエダ）,,2025,2,5,14,0,3.1,4,13.0,26.0,4.0,-6.3,0.8,99.0,0.0,,,0.0,15.2,4,2025,1,23,37.8,8,2018,8,14,23.7,8,2004,2,21,1977,2025-02-05
82261,福岡県,朝倉（アサクラ）,,2025,2,5,14,0,4.5,4,14.0,0.0,4.0,-5.7,0.1,99.0,0.0,,,0.0,17.1,4,2025,1,23,38.8,8,1994,7,16,24.7,8,2004,2,21,1977,2025-02-05
82306,福岡県,久留米（クルメ）,,2025,2,5,14,0,4.9,4,13.0,48.0,4.0,-5.7,1.4,99.0,0.0,,,0.0,17.0,4,2025,1,23,39.5,8,2024,8,5,23.0,8,2021,2,28,1977,2025-02-05
82317,福岡県,黒木（クロギ）,,2025,2,5,14,0,3.1,4,13.0,54.0,4.0,-6.8,1.4,99.0,0.0,,,0.0,16.2,4,2025,1,23,39.2,8,1994,7,16,23.3,8,2004,2,21,1977,2025-02-05
82361,福岡県,大牟田（オオムタ）,,2025,2,5,14,0,4.4,4,12.0,32.0,4.0,-5.9,1.4,99.0,0.0,,,0.0,16.6,4,2025,1,24,38.1,8,2024,8,4,21.8,8,2010,2,24,1977,2025-02-05
83021,大分県,国見（クニミ）,,2025,2,5,14,0,1.2,4,13.0,9.0,4.0,-8.6,-1.8,99.0,0.0,,,0.0,13.4,4,2025,1,24,37.3,8,2013,8,10,24.1,8,2004,2,22,1977,2025-02-05
83051,大分県,中津（ナカツ）,,2025,2,5,14,0,3.2,4,13.0,5.0,4.0,-6.2,0.7,99.0,0.0,,,0.0,14.1,4,2025,1,20,37.9,8,2013,7,25,23.8,8,2021,2,22,2011,2025-02-05
83061,大分県,豊後高田（ブンゴタカダ）,,2025,2,5,14,0,2.9,4,12.0,35.0,4.0,-6.3,-1.0,99.0,0.0,,,0.0,14.4,4,2025,1,23,37.7,8,2024,8,23,24.5,8,2004,2,22,1977,2025-02-05
83106,大分県,院内（インナイ）,,2025,2,5,14,0,2.3,4,11.0,43.0,4.0,-7.3,-1.3,99.0,0.0,,,0.0,15.1,4,2025,1,23,37.8,8,2015,7,31,26.1,8,2004,2,22,1977,2025-02-05
83121,大分県,杵築（キツキ）,,2025,2,5,14,0,4.1,4,13.0,44.0,4.0,-6.1,-0.3,99.0,0.0,,,0.0,15.0,4,2025,1,23,37.4,8,2020,8,18,24.0,8,2021,2,21,1978,2025-02-05
83126,大分県,武蔵（ムサシ）,,2025,2,5,14,0,4.6,4,12.0,49.0,4.0,-5.4,0.5,99.0,0.0,,,0.0,14.1,4,2025,1,20,36.3,8,2020,8,16,23.7,8,2021,2,21,2003,2025-02-05
83137,大分県,日田（ヒタ）,47814.0,2025,2,5,14,0,3.7,4,13.0,49.0,4.0,-6.8,0.2,99.0,0.0,,,0.0,16.9,4,2025,1,23,39.9,8,2018,8,13,25.2,8,2004,2,21,1942,2025-02-05
83191,大分県,玖珠（クス）,,2025,2,5,14,0,0.5,4,13.0,58.0,4.0,-7.9,-0.1,99.0,0.0,,,0.0,16.0,4,2025,1,23,38.8,8,1994,7,18,23.6,8,2004,2,21,1977,2025-02-05
83201,大分県,湯布院（ユフイン）,,2025,2,5,14,0,-0.7,4,13.0,52.0,4.0,-8.4,-1.2,99.0,0.0,,,0.0,14.2,4,2025,1,23,35.9,8,2013,8,10,23.5,8,2004,2,22,1977,2025-02-05
83216,大分県,大分（オオイタ）,47815.0,2025,2,5,14,0,5.1,4,12.0,2.0,4.0,-5.7,-1.7,99.0,0.0,,,0.0,15.1,4,2025,1,23,37.8,8,2013,7,24,25.5,8,2004,2,22,1887,2025-02-05
83341,大分県,犬飼（イヌカイ）,,2025,2,5,14,0,5.1,4,12.0,14.0,4.0,-5.9,1.1,99.0,0.0,,,0.0,15.6,4,2025,1,20,39.2,8,2024,7,30,24.3,8,2004,2,22,1977,2025-02-05
83371,大分県,竹田（タケタ）,,2025,2,5,14,0,3.0,4,13.0,13.0,4.0,-6.5,-0.1,99.0,0.0,,,0.0,14.7,4,2025,1,23,38.1,8,2024,8,1,25.0,8,2004,2,22,1977,2025-02-05
83401,大分県,佐伯（サイキ）,,2025,2,5,14,0,5.4,4,12.0,20.0,4.0,-5.6,-0.9,99.0,0.0,,,0.0,15.6,4,2025,1,20,36.6,8,2024,8,23,23.5,8,2021,2,22,1977,2025-02-05
83431,大分県,宇目（ウメ）,,2025,2,5,14,0,5.5,4,13.0,31.0,4.0,-5.4,0.2,99.0,0.0,,,0.0,16.6,4,2025,1,23,38.1,8,2013,8,10,24.2,8,2009,2,14,1977,2025-02-05
83476,大分県,蒲江（カマエ）,,2025,2,5,14,0,7.0,4,13.0,21.0,4.0,-4.9,0.1,99.0,0.0,,,0.0,16.6,4,2025,1,23,38.3,8,2020,8,18,22.1,8,2009,2,14,1977,2025-02-05
84012,長崎県,鰐浦（ワニウラ）,,2025,2,5,14,0,2.3,4,13.0,24.0,4.0,-6.7,0.2,99.0,0.0,,,0.0,12.9,4,2025,1,22,36.0,8,2013,8,19,21.3,8,2004,2,21,1995,2025-02-05
84072,長崎県,厳原（イヅハラ）,47800.0,2025,2,5,14,0,3.1,4,13.0,58.0,4.0,-6.4,1.4,99.0,0.0,,,0.0,14.4,4,2025,1,23,36.9,8,2018,7,26,21.3,8,2021,2,22,1886,2025-02-05
84076,長崎県,美津島（ミツシマ）,,2025,2,5,14,0,2.4,4,12.0,57.0,4.0,-6.1,0.9,99.0,0.0,,,0.0,13.6,4,2025,1,23,35.7,8,2013,8,10,21.5,8,2021,2,22,2003,2025-02-05
84121,長崎県,芦辺（アシベ）,,2025,2,5,14,0,4.0,4,13.0,31.0,4.0,-4.8,2.5,99.0,0.0,,,0.0,13.7,4,2025,1,23,35.0,8,2024,8,8,21.2,8,2004,2,21,1977,2025-02-05
84122,長崎県,石田（イシダ）,,2025,2,5,14,0,4.4,4,13.0,31.0,4.0,-5.5,2.1,99.0,0.0,,,0.0,14.8,4,2025,1,23,35.0,8,2016,8,13,20.2,8,2004,2,21,2003,2025-02-05
84171,長崎県,平戸（ヒラド）,47805.0,2025,2,5,14,0,5.5,4,13.0,49.0,4.0,-4.2,2.7,99.0,0.0,,,0.0,14.5,4,2025,1,23,35.1,8,1960,8,7,20.4,8,2010,2,24,1940,2025-02-05
84183,長崎県,松浦（マツウラ）,,2025,2,5,14,0,5.2,4,11.0,19.0,4.0,-4.7,1.6,99.0,0.0,,,0.0,14.3,4,2025,1,23,37.0,8,2024,7,25,21.8,8,2016,2,13,2011,2025-02-05
84266,長崎県,佐世保（サセボ）,47812.0,2025,2,5,14,0,6.1,4,12.0,9.0,4.0,-4.5,2.6,99.0,0.0,,,0.0,16.0,4,2025,1,24,38.1,8,2023,8,6,22.4,8,2010,2,24,1946,2025-02-05
84306,長崎県,西海（サイカイ）,,2025,2,5,14,0,5.3,4,12.0,17.0,4.0,,1.3,,,,,0.0,16.3,4,2025,1,24,38.0,8,2023,8,6,19.9,8,2024,2,19,2021,2025-02-05
84341,長崎県,有川（アリカワ）,,2025,2,5,14,0,3.9,4,12.0,13.0,4.0,-6.7,0.0,99.0,0.0,,,0.0,15.0,4,2025,1,23,36.8,8,2024,8,4,23.3,8,2021,2,22,1977,2025-02-05
84371,長崎県,大村（オオムラ）,,2025,2,5,14,0,4.7,4,14.0,0.0,4.0,-6.1,1.3,99.0,0.0,,,0.0,15.5,4,2025,1,24,38.7,8,2018,8,12,22.0,8,2010,2,24,1996,2025-02-05
84496,長崎県,長崎（ナガサキ）,47817.0,2025,2,5,14,0,3.4,4,9.0,41.0,4.0,-7.5,-1.1,99.0,0.0,,,0.0,15.6,4,2025,1,24,37.7,8,2013,8,18,22.6,8,2010,2,24,1878,2025-02-05
84519,長崎県,雲仙岳（ウンゼンダケ）,47818.0,2025,2,5,14,0,-3.0,4,13.0,37.0,4.0,-9.4,0.1,99.0,0.0,,,0.0,13.2,4,2025,1,24,33.2,8,2017,8,2,18.2,8,2014,2,2,1924,2025-02-05
84523,長崎県,島原（シマバラ）,,2025,2,5,14,0,5.0,4,14.0,0.0,4.0,-5.8,0.2,99.0,0.0,,,0.0,16.3,4,2025,1,24,39.2,8,2024,8,4,23.5,8,2010,2,24,2006,2025-02-05
84536,長崎県,福江（フクエ）,47843.0,2025,2,5,14,0,6.1,4,13.0,45.0,4.0,-4.8,2.0,99.0,0.0,,,0.0,16.0,4,2025,1,24,35.9,8,2013,8,19,22.2,8,1997,2,25,1962,2025-02-05
84537,長崎県,上大津（カミオオヅ）,,2025,2,5,14,0,5.8,4,13.0,34.0,4.0,-4.6,2.1,99.0,0.0,,,0.0,15.2,4,2025,1,24,36.9,8,2013,8,19,21.2,8,2024,2,19,2003,2025-02-05
84561,長崎県,口之津（クチノツ）,,2025,2,5,14,0,3.1,4,8.0,55.0,4.0,-8.1,-1.7,99.0,0.0,,,0.0,16.0,4,2025,1,24,38.8,8,2009,8,7,21.8,8,2010,2,24,1976,2025-02-05
84597,長崎県,脇岬（ワキミサキ）,,2025,2,5,14,0,4.8,4,12.0,39.0,4.0,,-0.1,,,,,0.0,15.6,4,2025,1,24,36.2,8,2023,8,5,20.0,8,2024,2,19,2021,2025-02-05
85033,佐賀県,唐津（カラツ）,,2025,2,5,14,0,5.2,4,12.0,11.0,4.0,-4.9,2.1,99.0,0.0,,,0.0,15.7,4,2025,1,23,37.3,8,2024,8,2,22.8,8,2021,2,22,2010,2025-02-05
85116,佐賀県,伊万里（イマリ）,,2025,2,5,14,0,4.9,4,13.0,54.0,4.0,-5.2,1.7,99.0,0.0,,,0.0,15.2,4,2025,1,24,37.8,8,2018,8,14,22.4,8,2011,2,24,1977,2025-02-05
85142,佐賀県,佐賀（サガ）,47813.0,2025,2,5,14,0,5.1,4,13.0,50.0,4.0,-5.5,1.4,99.0,0.0,,,0.0,17.0,4,2025,1,24,39.6,8,1994,7,16,23.1,8,1912,2,27,1890,2025-02-05
85161,佐賀県,嬉野（ウレシノ）,,2025,2,5,14,0,5.0,4,13.0,53.0,4.0,-4.9,3.3,99.0,0.0,,,0.0,16.1,4,2025,1,23,39.0,8,2018,8,13,22.1,8,2010,2,24,1977,2025-02-05
85166,佐賀県,白石（シロイシ）,,2025,2,5,14,0,5.5,4,13.0,59.0,4.0,-4.8,2.7,99.0,0.0,,,0.0,17.2,4,2025,1,23,39.0,8,1994,7,16,22.9,8,2004,2,20,1977,2025-02-05
85176,佐賀県,川副（カワソエ）,,2025,2,5,14,0,5.8,4,14.0,0.0,4.0,-4.3,2.2,99.0,0.0,,,0.0,16.6,4,2025,1,24,37.1,8,2018,8,7,20.1,8,2004,2,21,2003,2025-02-05
86006,熊本県,鹿北（カホク）,,2025,2,5,14,0,3.7,4,12.0,19.0,4.0,-6.5,1.3,99.0,0.0,,,0.0,16.8,4,2025,1,24,37.3,8,2024,8,24,23.3,8,2004,2,21,1977,2025-02-05
86066,熊本県,南小国（ミナミオグニ）,,2025,2,5,14,0,0.8,4,14.0,0.0,4.0,-7.4,1.4,99.0,0.0,,,0.0,15.3,4,2025,1,23,36.5,8,2020,8,19,22.7,8,2010,2,24,1977,2025-02-05
86086,熊本県,岱明（タイメイ）,,2025,2,5,14,0,5.1,4,12.0,41.0,4.0,-5.9,0.9,99.0,0.0,,,0.0,17.7,4,2025,1,24,38.4,8,2024,8,4,22.6,8,2004,2,21,1977,2025-02-05
86101,熊本県,菊池（キクチ）,,2025,2,5,14,0,4.8,4,13.0,55.0,4.0,-5.9,1.9,99.0,0.0,,,0.0,17.6,4,2025,1,24,38.8,8,2018,7,19,23.8,8,2010,2,24,1977,2025-02-05
86111,熊本県,阿蘇乙姫（アソオトヒメ）,,2025,2,5,14,0,-0.5,4,13.0,53.0,4.0,-8.1,-0.1,99.0,0.0,,,0.0,14.6,4,2025,1,24,34.9,8,2016,8,11,21.5,8,2004,2,22,1978,2025-02-05
86141,熊本県,熊本（クマモト）,47819.0,2025,2,5,14,0,5.2,4,13.0,1.0,4.0,-6.0,0.9,99.0,0.0,,,0.0,16.7,4,2025,1,24,38.8,8,2024,8,4,26.4,8,1912,2,27,1890,2025-02-05
86146,熊本県,益城（マシキ）,,2025,2,5,14,0,2.1,4,14.0,0.0,4.0,-8.3,-0.8,99.0,0.0,,,0.0,15.3,4,2025,1,24,37.3,8,2016,8,23,23.3,8,2004,2,21,2003,2025-02-05
86157,熊本県,南阿蘇（ミナミアソ）,,2025,2,5,14,0,-0.5,4,13.0,43.0,4.0,,-0.2,,,,,0.0,15.2,4,2025,1,24,36.4,8,2024,8,3,20.8,8,2024,2,20,2015,2025-02-05
86161,熊本県,高森（タカモリ）,,2025,2,5,14,0,-2.2,4,14.0,0.0,4.0,-9.5,-0.6,99.0,0.0,,,0.0,14.2,4,2025,1,24,35.0,8,2024,8,3,21.3,8,2024,2,20,1977,2025-02-05
86216,熊本県,三角（ミスミ）,,2025,2,5,14,0,3.1,4,14.0,0.0,4.0,-7.5,-1.9,99.0,0.0,,,0.0,15.2,4,2025,1,23,38.4,8,2024,8,9,23.9,8,2004,2,21,1977,2025-02-05
86236,熊本県,甲佐（コウサ）,,2025,2,5,14,0,3.1,4,13.0,16.0,4.0,-8.0,-0.5,99.0,0.0,,,0.0,15.8,4,2025,1,25,38.9,8,2024,8,24,25.1,8,2004,2,22,1977,2025-02-05
86271,熊本県,松島（マツシマ）,,2025,2,5,14,0,3.0,4,14.0,0.0,4.0,-7.8,-1.6,99.0,0.0,,,0.0,14.7,4,2025,1,24,37.4,8,2024,7,25,24.0,8,2004,2,21,1977,2025-02-05
86316,熊本県,本渡（ホンド）,,2025,2,5,14,0,2.9,4,12.0,50.0,4.0,-8.2,-1.8,99.0,0.0,,,0.0,15.1,4,2025,1,24,38.1,8,2024,8,4,23.2,8,2010,2,24,1977,2025-02-05
86336,熊本県,八代（ヤツシロ）,,2025,2,5,14,0,3.6,4,10.0,31.0,4.0,-7.7,-1.4,99.0,0.0,,,0.0,16.1,4,2025,1,24,38.7,8,2024,8,20,25.2,8,2004,2,22,1977,2025-02-05
86451,熊本県,水俣（ミナマタ）,,2025,2,5,14,0,2.7,4,12.0,33.0,4.0,-8.6,-1.9,99.0,0.0,,,0.0,15.4,4,2025,1,24,38.1,8,2018,8,13,24.3,8,2016,2,13,1977,2025-02-05
86467,熊本県,人吉（ヒトヨシ）,47824.0,2025,2,5,14,0,1.5,4,8.0,45.0,4.0,-9.6,-1.5,99.0,0.0,,,0.0,17.4,4,2025,1,24,38.2,8,2024,8,4,24.0,8,1979,2,21,1943,2025-02-05
86477,熊本県,上（ウエ）,,2025,2,5,14,0,1.5,4,9.0,13.0,4.0,-9.7,-2.8,99.0,0.0,,,0.0,17.1,4,2025,1,24,38.4,8,2024,8,4,24.4,8,2024,2,20,1977,2025-02-05
86491,熊本県,牛深（ウシブカ）,47838.0,2025,2,5,14,0,6.5,4,13.0,31.0,4.0,-5.5,1.0,99.0,0.0,,,0.0,17.5,4,2025,1,24,39.6,8,2013,8,20,23.6,8,1979,2,21,1949,2025-02-05
87041,宮崎県,高千穂（タカチホ）,,2025,2,5,14,0,0.5,4,10.0,35.0,4.0,-9.3,-1.3,99.0,0.0,,,0.0,17.5,4,2025,1,23,37.4,8,2024,8,3,22.7,8,2009,2,14,1977,2025-02-05
87066,宮崎県,古江（フルエ）,,2025,2,5,14,0,7.9,4,13.0,55.0,4.0,-4.7,0.7,99.0,0.0,,,0.0,17.3,4,2025,1,24,38.9,8,2004,7,29,23.3,8,2010,2,10,1977,2025-02-05
87071,宮崎県,鞍岡（クラオカ）,,2025,2,5,14,0,-2.7,4,14.0,0.0,4.0,-10.2,-0.9,99.0,0.0,,,0.0,15.3,4,2025,1,23,35.6,8,2024,8,3,21.6,8,2009,2,14,1979,2025-02-05
87141,宮崎県,延岡（ノベオカ）,47822.0,2025,2,5,14,0,5.8,4,11.0,40.0,4.0,-7.0,-0.4,99.0,0.0,,,0.0,17.6,4,2025,1,24,38.5,8,2004,7,30,26.1,8,2010,2,10,1961,2025-02-05
87181,宮崎県,日向（ヒュウガ）,,2025,2,5,14,0,8.3,4,12.0,57.0,4.0,-4.9,0.2,99.0,0.0,,,0.0,18.4,4,2025,1,24,38.9,8,2013,8,23,25.2,8,2010,2,10,1977,2025-02-05
87206,宮崎県,神門（ミカド）,,2025,2,5,14,0,4.4,4,11.0,33.0,4.0,-8.0,-1.3,99.0,0.0,,,0.0,18.3,4,2025,1,23,39.2,8,2020,8,18,23.9,8,1998,2,13,1979,2025-02-05
87231,宮崎県,西米良（ニシメラ）,,2025,2,5,14,0,2.3,4,9.0,59.0,4.0,-9.5,-2.2,99.0,0.0,,,0.0,18.0,4,2025,1,23,39.7,8,2020,8,17,24.2,8,2009,2,14,1979,2025-02-05
87293,宮崎県,高鍋（タカナベ）,,2025,2,5,14,0,6.8,4,13.0,54.0,4.0,,-0.3,,,,,0.0,17.4,4,2025,1,24,36.9,8,2024,7,8,23.5,8,2021,2,22,2017,2025-02-05
87301,宮崎県,加久藤（カクトウ）,,2025,2,5,14,0,2.8,4,14.0,0.0,4.0,-8.4,-0.8,99.0,0.0,,,0.0,17.5,4,2025,1,24,39.4,8,2020,8,17,23.5,8,2024,2,20,1977,2025-02-05
87331,宮崎県,西都（サイト）,,2025,2,5,14,0,7.2,4,13.0,56.0,4.0,-6.2,-1.1,99.0,0.0,,,0.0,17.8,4,2025,1,24,38.4,8,2013,7,31,25.1,8,1998,2,12,1977,2025-02-05
87352,宮崎県,小林（コバヤシ）,,2025,2,5,14,0,1.5,4,9.0,38.0,4.0,-9.9,-2.7,99.0,0.0,,,0.0,17.6,4,2025,1,23,38.3,8,2020,8,18,23.0,8,2009,2,14,2000,2025-02-05
87376,宮崎県,宮崎（ミヤザキ）,47830.0,2025,2,5,14,0,7.3,4,12.0,29.0,4.0,-6.0,-0.5,99.0,0.0,,,0.0,17.1,4,2025,1,20,38.2,8,2024,7,30,25.4,8,1930,2,22,1886,2025-02-05
87406,宮崎県,田野（タノ）,,2025,2,5,14,0,5.4,4,13.0,37.0,4.0,,0.0,,,,,0.0,16.6,4,2025,1,19,37.1,8,2024,7,31,23.1,8,2024,2,21,2017,2025-02-05
87412,宮崎県,赤江（アカエ）,,2025,2,5,14,0,7.1,4,12.0,30.0,4.0,-6.5,-0.9,99.0,0.0,,,0.0,17.0,4,2025,1,20,38.6,8,2013,8,1,25.0,8,2014,2,2,2003,2025-02-05
87426,宮崎県,都城（ミヤコノジョウ）,47829.0,2025,2,5,14,0,5.4,4,13.0,58.0,4.0,-7.3,-0.9,99.0,0.0,,,0.0,17.6,4,2025,1,23,39.4,8,2020,8,18,23.5,8,2024,2,20,1942,2025-02-05
87492,宮崎県,油津（アブラツ）,47835.0,2025,2,5,14,0,8.0,4,14.0,0.0,4.0,-5.9,-0.3,99.0,0.0,,,0.0,17.6,4,2025,1,20,38.1,8,2013,8,2,24.7,8,1998,2,13,1949,2025-02-05
87501,宮崎県,串間（クシマ）,,2025,2,5,14,0,7.2,4,13.0,29.0,4.0,-6.5,-0.5,99.0,0.0,,,0.0,17.5,4,2025,1,19,37.3,8,2013,8,2,24.3,8,2012,2,23,1977,2025-02-05
88061,鹿児島県,阿久根（アクネ）,47823.0,2025,2,5,14,0,7.0,4,12.0,38.0,4.0,-4.5,1.8,99.0,0.0,,,0.0,15.2,4,2025,2,1,37.1,8,2018,8,13,24.0,8,2004,2,21,1939,2025-02-05
88081,鹿児島県,大口（オオクチ）,,2025,2,5,14,0,2.6,4,13.0,2.0,4.0,-8.5,-0.4,99.0,0.0,,,0.0,18.2,4,2025,1,24,38.0,8,2024,8,3,24.4,8,2024,2,20,1977,2025-02-05
88107,鹿児島県,さつま柏原（サツマカシワバル）,,2025,2,5,14,0,4.6,4,13.0,51.0,4.0,-7.4,0.4,99.0,0.0,,,0.0,18.2,4,2025,1,24,38.1,8,2024,8,3,24.7,8,2024,2,20,1976,2025-02-05
88131,鹿児島県,中甑（ナカコシキ）,,2025,2,5,14,0,8.5,4,12.0,20.0,4.0,-3.6,2.9,99.0,0.0,,,0.0,16.0,4,2025,2,1,37.5,8,2013,8,19,23.1,8,2024,2,21,1977,2025-02-05
88151,鹿児島県,川内（センダイ）,,2025,2,5,14,0,8.0,4,12.0,59.0,4.0,-4.1,3.9,99.0,0.0,,,0.0,17.5,4,2025,1,24,37.3,8,2024,8,5,24.6,8,2024,2,20,1977,2025-02-05
88166,鹿児島県,溝辺（ミゾベ）,,2025,2,5,14,0,4.4,4,13.0,52.0,4.0,-6.7,1.0,99.0,0.0,,,0.0,16.7,4,2025,1,23,36.2,8,2020,8,18,22.4,8,2024,2,20,1995,2025-02-05
88261,鹿児島県,東市来（ヒガシイチキ）,,2025,2,5,14,0,8.2,4,12.0,55.0,4.0,-4.0,3.2,99.0,0.0,,,0.0,18.3,4,2025,1,25,36.3,8,2013,8,19,23.2,8,2004,2,21,1977,2025-02-05
88286,鹿児島県,牧之原（マキノハラ）,,2025,2,5,14,0,0.8,4,14.0,0.0,4.0,-9.2,-0.9,99.0,0.0,,,0.0,15.0,4,2025,1,23,35.1,8,2024,8,4,21.1,8,2024,2,20,1977,2025-02-05
88317,鹿児島県,鹿児島（カゴシマ）,47827.0,2025,2,5,14,0,8.4,4,13.0,44.0,4.0,-5.2,3.2,99.0,0.0,,,0.0,17.8,4,2025,1,25,37.4,8,2016,8,22,24.3,8,2024,2,21,1883,2025-02-05
88331,鹿児島県,輝北（キホク）,,2025,2,5,14,0,1.4,4,13.0,32.0,4.0,-8.9,-0.7,99.0,0.0,,,0.0,16.1,4,2025,1,23,36.4,8,2020,8,17,21.3,8,2024,2,20,1977,2025-02-05
88371,鹿児島県,加世田（カセダ）,,2025,2,5,14,0,7.9,4,12.0,52.0,4.0,-5.0,1.6,99.0,0.0,,,0.0,17.0,4,2025,1,23,36.4,8,2024,8,14,23.9,8,2020,2,14,1977,2025-02-05
88406,鹿児島県,志布志（シブシ）,,2025,2,5,14,0,7.8,4,13.0,28.0,4.0,-6.1,-0.6,99.0,0.0,,,0.0,17.6,4,2025,1,19,36.7,8,2020,8,16,25.1,8,1998,2,13,1977,2025-02-05
88432,鹿児島県,喜入（キイレ）,,2025,2,5,14,0,7.2,4,13.0,59.0,4.0,-6.2,0.7,99.0,0.0,,,0.0,17.7,4,2025,1,20,37.4,8,2016,8,22,23.7,8,2004,2,21,1977,2025-02-05
88442,鹿児島県,鹿屋（カノヤ）,,2025,2,5,14,0,6.7,4,13.0,54.0,4.0,-6.5,-1.1,99.0,0.0,,,0.0,17.6,4,2025,1,23,37.6,8,2020,8,18,23.6,8,2001,2,23,1977,2025-02-05
88447,鹿児島県,肝付前田（キモツキマエダ）,,2025,2,5,14,0,6.1,4,10.0,57.0,4.0,-7.4,-3.6,99.0,0.0,,,0.0,18.6,4,2025,1,19,38.5,8,2024,8,9,24.3,8,2010,2,11,1977,2025-02-05
88466,鹿児島県,枕崎（マクラザキ）,47831.0,2025,2,5,14,0,7.7,4,13.0,11.0,4.0,-5.3,0.3,99.0,0.0,,,0.0,18.5,4,2025,1,23,36.9,8,2020,8,18,22.8,8,1979,2,21,1923,2025-02-05
88486,鹿児島県,指宿（イブスキ）,,2025,2,5,14,0,8.1,4,13.0,57.0,4.0,-5.4,1.7,99.0,0.0,,,0.0,17.3,4,2025,1,6,36.9,8,2024,8,8,24.0,8,2010,2,11,1977,2025-02-05
88506,鹿児島県,内之浦（ウチノウラ）,,2025,2,5,14,0,6.0,4,12.0,53.0,4.0,-7.9,-1.3,99.0,0.0,,,0.0,18.1,4,2025,1,19,37.2,8,2004,7,29,24.4,8,2010,2,11,1977,2025-02-05
88536,鹿児島県,田代（タシロ）,,2025,2,5,14,0,3.2,4,13.0,59.0,4.0,-8.7,-1.4,99.0,0.0,,,0.0,17.2,4,2025,1,23,36.1,8,2024,8,15,23.9,8,2024,2,21,1977,2025-02-05
88612,鹿児島県,種子島（タネガシマ）,47837.0,2025,2,5,14,0,7.9,4,12.0,41.0,4.0,-6.4,-0.9,99.0,0.0,,,0.0,18.3,4,2025,2,1,35.9,8,1951,8,8,25.6,8,1953,2,25,1948,2025-02-05
88621,鹿児島県,中種子（ナカタネ）,,2025,2,5,14,0,4.9,4,12.0,57.0,4.0,-8.1,-1.1,99.0,0.0,,,0.0,16.5,4,2025,1,23,33.2,8,2020,8,18,23.1,8,2010,2,11,2006,2025-02-05
88666,鹿児島県,上中（カミナカ）,,2025,2,5,14,0,6.8,4,13.0,39.0,4.0,-6.7,-0.5,99.0,0.0,,,0.0,18.3,4,2025,1,23,35.7,8,2024,8,10,25.4,8,1998,2,13,1977,2025-02-05
88686,鹿児島県,屋久島（ヤクシマ）,47836.0,2025,2,5,14,0,9.4,4,13.0,42.0,4.0,-5.2,-0.2,99.0,0.0,,,0.0,19.3,4,2025,2,1,35.4,8,2016,8,16,26.1,8,1954,2,27,1937,2025-02-05
88706,鹿児島県,尾之間（オノアイダ）,,2025,2,5,14,0,9.7,4,12.0,30.0,4.0,-6.2,0.3,99.0,0.0,,,0.0,20.2,4,2025,2,1,35.7,8,2024,8,10,24.8,8,2009,2,25,1977,2025-02-05
88736,鹿児島県,中之島（ナカノシマ）,,2025,2,5,14,0,9.5,4,12.0,21.0,4.0,-5.0,0.5,99.0,0.0,,,0.0,17.6,4,2025,1,20,35.2,8,2020,8,18,24.0,8,2024,2,21,2002,2025-02-05
88821,鹿児島県,笠利（カサリ）,,2025,2,5,14,0,14.3,4,13.0,47.0,4.0,-3.6,2.6,99.0,0.0,,,0.0,22.6,4,2025,1,23,35.4,8,2022,7,21,26.5,8,2009,2,25,2003,2025-02-05
88837,鹿児島県,名瀬（ナゼ）,47909.0,2025,2,5,14,0,12.9,4,14.0,0.0,4.0,-4.5,0.4,99.0,0.0,,,0.0,21.4,4,2025,1,24,37.3,8,1960,7,9,28.2,8,2009,2,25,1896,2025-02-05
88851,鹿児島県,喜界島（キカイジマ）,,2025,2,5,14,0,14.2,4,12.0,38.0,4.0,-4.2,0.8,99.0,0.0,,,0.0,22.5,4,2025,1,23,36.9,8,2016,8,21,25.4,8,2024,2,20,2000,2025-02-05
88901,鹿児島県,古仁屋（コニヤ）,,2025,2,5,14,0,13.5,4,13.0,14.0,4.0,-4.2,1.1,99.0,0.0,,,0.0,21.6,4,2025,1,25,35.2,8,2024,8,4,25.3,8,2024,2,20,1977,2025-02-05
88931,鹿児島県,天城（アマギ）,,2025,2,5,14,0,14.0,4,10.0,52.0,4.0,-4.4,0.9,99.0,0.0,,,0.0,22.3,4,2025,1,23,35.9,8,2024,7,20,25.7,8,2024,2,29,2003,2025-02-05
88956,鹿児島県,伊仙（イセン）,,2025,2,5,14,0,14.4,4,12.0,56.0,4.0,-3.5,2.6,99.0,0.0,,,0.0,21.9,4,2025,1,23,35.8,8,2024,8,12,25.4,8,2024,2,22,1977,2025-02-05
88971,鹿児島県,沖永良部（オキノエラブ）,47942.0,2025,2,5,14,0,14.3,4,13.0,47.0,4.0,-4.2,1.0,99.0,0.0,,,0.0,23.2,4,2025,1,25,34.9,8,1980,7,31,27.4,8,2009,2,25,1969,2025-02-05
88986,鹿児島県,与論島（ヨロンジマ）,,2025,2,5,14,0,15.2,4,12.0,35.0,4.0,-3.9,1.2,99.0,0.0,,,0.0,22.7,4,2025,1,24,34.9,8,2024,7,21,26.3,8,2019,2,19,2000,2025-02-05
91011,沖縄県,伊是名（イゼナ）,,2025,2,5,14,0,14.9,4,12.0,53.0,4.0,-3.8,1.1,99.0,0.0,,,0.0,23.5,4,2025,1,24,36.0,8,2017,7,30,27.4,8,2016,2,13,1977,2025-02-05
91021,沖縄県,奥（オク）,,2025,2,5,14,0,13.2,4,13.0,42.0,4.0,-3.9,2.2,99.0,0.0,,,0.0,20.2,4,2025,2,1,34.3,8,2024,7,15,26.2,8,2024,2,22,1977,2025-02-05
91107,沖縄県,名護（ナゴ）,47940.0,2025,2,5,14,0,15.7,4,13.0,57.0,4.0,-3.4,2.2,99.0,0.0,,,0.0,23.1,4,2025,1,24,35.1,8,2009,8,3,26.2,8,1970,2,25,1966,2025-02-05
91141,沖縄県,北原（キタハラ）,,2025,2,5,14,0,16.4,4,13.0,55.0,4.0,-3.1,1.8,99.0,0.0,,,0.0,24.4,4,2025,1,24,35.4,8,2024,7,21,26.4,8,2024,2,22,2003,2025-02-05
91146,沖縄県,久米島（クメジマ）,47929.0,2025,2,5,14,0,16.6,4,13.0,18.0,4.0,-2.7,2.5,99.0,0.0,,,0.0,23.9,4,2025,1,24,35.3,8,2024,8,2,27.0,8,2009,2,24,1958,2025-02-05
91166,沖縄県,宮城島（ミヤギジマ）,,2025,2,5,14,0,14.8,4,13.0,40.0,4.0,-4.4,1.2,99.0,0.0,,,0.0,22.1,4,2025,1,23,35.6,8,2017,8,16,26.8,8,2009,2,26,2007,2025-02-05
91181,沖縄県,渡嘉敷（トカシキ）,,2025,2,5,14,0,13.9,4,13.0,2.0,4.0,-3.5,1.4,99.0,0.0,,,0.0,21.9,4,2025,1,24,32.9,8,2024,7,31,24.9,8,2024,2,21,1977,2025-02-05
91197,沖縄県,那覇（ナハ）,47936.0,2025,2,5,14,0,15.9,4,13.0,55.0,4.0,-3.6,1.7,99.0,0.0,,,0.0,23.2,4,2025,1,24,36.0,8,2024,7,19,27.1,8,1912,2,27,1890,2025-02-05
91236,沖縄県,安次嶺（アシミネ）,,2025,2,5,14,0,15.7,4,12.0,55.0,4.0,-4.4,1.4,99.0,0.0,,,0.0,23.9,4,2025,1,24,35.7,8,2024,7,15,26.7,8,2020,2,14,2003,2025-02-05
91241,沖縄県,糸数（イトカズ）,,2025,2,5,14,0,14.9,4,12.0,54.0,4.0,-3.5,2.1,99.0,0.0,,,0.0,21.3,4,2025,1,5,36.1,8,2013,8,7,26.2,8,2009,2,24,1977,2025-02-05
92006,沖縄県,北大東（キタダイトウ）,,2025,2,5,14,0,16.5,4,12.0,40.0,4.0,-4.1,0.0,99.0,0.0,,,0.0,23.2,4,2025,1,24,35.1,8,2024,8,16,27.0,8,2020,2,16,2003,2025-02-05
92011,沖縄県,南大東（ミナミダイトウ）（南大東島（ミナミダイトウジマ））,47945.0,2025,2,5,14,0,17.4,4,13.0,6.0,4.0,-3.3,0.9,99.0,0.0,,,0.0,23.1,4,2025,2,2,35.3,8,1991,7,12,27.6,8,2024,2,22,1942,2025-02-05
92012,沖縄県,旧東（キュウトウ）,,2025,2,5,14,0,16.6,4,13.0,33.0,4.0,-4.0,0.5,99.0,0.0,,,0.0,22.8,4,2025,1,24,34.3,8,2024,8,13,27.4,8,2020,2,16,2003,2025-02-05
93012,沖縄県,下地島（シモジシマ）,,2025,2,5,14,0,17.3,4,12.0,50.0,4.0,-4.0,0.7,99.0,0.0,,,0.0,24.7,4,2025,1,23,36.1,8,2016,7,5,27.5,8,2019,2,20,2003,2025-02-05
93041,沖縄県,宮古島（ミヤコジマ）,47927.0,2025,2,5,14,0,16.6,4,13.0,55.0,4.0,-3.9,1.1,99.0,0.0,,,0.0,23.3,4,2025,1,25,35.3,8,1971,7,16,27.6,8,2010,2,27,1937,2025-02-05
93042,沖縄県,鏡原（カガミハラ）,,2025,2,5,14,0,17.9,4,11.0,13.0,4.0,-3.2,1.1,99.0,0.0,,,0.0,23.8,4,2025,1,25,35.3,8,2022,7,26,28.4,8,2010,2,27,2003,2025-02-05
93062,沖縄県,仲筋（ナカスジ）,,2025,2,5,14,0,17.3,4,13.0,24.0,4.0,-4.1,0.3,99.0,0.0,,,0.0,23.9,4,2025,1,5,35.4,8,2009,8,2,27.8,8,2010,2,27,2003,2025-02-05
94001,沖縄県,伊原間（イバルマ）,,2025,2,5,14,0,17.5,4,13.0,44.0,4.0,-3.3,1.4,99.0,0.0,,,0.0,23.7,4,2025,1,5,36.1,8,2012,7,8,28.2,8,2012,2,15,1977,2025-02-05
94011,沖縄県,所野（トコロノ）,,2025,2,5,14,0,18.1,4,13.0,11.0,4.0,-3.0,1.0,99.0,0.0,,,0.0,23.9,4,2025,1,24,35.2,8,2020,7,23,27.9,8,2019,2,20,2003,2025-02-05
94017,沖縄県,与那国島（ヨナグニジマ）,47912.0,2025,2,5,14,0,17.7,4,14.0,0.0,4.0,-2.9,1.2,99.0,0.0,,,0.0,24.1,4,2025,1,5,35.5,8,2020,7,23,27.7,8,2019,2,19,1956,2025-02-05
94062,沖縄県,西表島（イリオモテジマ）,47917.0,2025,2,5,14,0,17.9,4,13.0,17.0,4.0,-3.0,1.3,99.0,0.0,,,0.0,23.8,4,2025,1,24,35.9,8,2024,7,20,28.0,8,2024,2,22,1954,2025-02-05
94081,沖縄県,石垣島（イシガキジマ）,47918.0,2025,2,5,14,0,17.6,4,13.0,59.0,4.0,-3.7,1.1,99.0,0.0,,,0.0,24.4,4,2025,1,5,35.6,8,2017,8,20,29.1,8,1898,2,16,1896,2025-02-05
94086,沖縄県,盛山（モリヤマ）,,2025,2,5,14,0,19.0,4,13.0,23.0,4.0,,2.0,,,,,0.0,24.2,4,2025,1,5,35.1,8,2022,8,24,28.4,8,2019,2,19,2013,2025-02-05
94101,沖縄県,大原（オオハラ）,,2025,2,5,14,0,17.9,4,13.0,1.0,4.0,-3.2,1.6,99.0,0.0,,,0.0,24.2,4,2025,1,24,35.7,8,2003,7,24,28.5,8,2010,2,27,1978,2025-02-05
94116,沖縄県,波照間（ハテルマ）,,2025,2,5,14,0,18.9,4,13.0,43.0,4.0,-2.5,1.9,99.0,0.0,,,0.0,24.2,4,2025,1,5,35.7,8,2009,8,5,28.5,8,2019,2,20,1979,2025-02-05
