観測所番号,都道府県,地点,国際地点番号,現在時刻(年),現在時刻(月),現在時刻(日),現在時刻(時),現在時刻(分),15日の最高気温(℃),15日の最高気温の品質情報,15日の最高気温起時（時）,15日の最高気温起時（分）,15日の最高気温起時の品質情報,平年差（℃）,前日差（℃）,該当旬（月）,該当旬（旬）,極値更新,10年未満での極値更新,今年最高,今年の最高気温（℃)（14日まで）,今年の最高気温（14日まで）の品質情報,今年の最高気温（14日まで）を観測した起日（年）,今年の最高気温（14日まで）を観測した起日（月）,今年の最高気温（14日まで）を観測した起日（日）,14日までの観測史上1位の値（℃）,14日までの観測史上1位の値の品質情報,14日までの観測史上1位の値を観測した起日（年）,14日までの観測史上1位の値を観測した起日（月）,14日までの観測史上1位の値を観測した起日（日）,14日までの12月の1位の値,14日までの12月の1位の値の品質情報,14日までの12月の1位の値の起日（年）,14日までの12月の1位の値の起日（月）,14日までの12月の1位の値の起日（日）,統計開始年,date
11001,北海道宗谷地方,宗谷岬（ソウヤミサキ）,,2024,12,15,14,0,-2.8,4,11,21,4,-2.6,1.4,1.0,2.0,,,0,26.1,5,2024,7,20,31.9,8,2000,8,1,11.0,8,2023,12,9,1978,2024-12-15
11016,北海道宗谷地方,稚内（ワッカナイ）,47401.0,2024,12,15,14,0,-2.7,4,10,26,4,-2.5,1.4,1.0,2.0,,,0,27.7,5,2024,7,19,32.7,8,2021,7,29,11.5,8,1958,12,3,1938,2024-12-15
11046,北海道宗谷地方,礼文（レブン）,,2024,12,15,14,0,-3.5,4,13,54,4,-3.1,1.1,99.0,0.0,,,0,28.1,5,2024,8,8,30.5,8,2022,7,31,11.8,8,2021,12,1,2003,2024-12-15
11061,北海道宗谷地方,声問（コエトイ）,,2024,12,15,14,0,-3.2,4,9,51,4,-2.9,1.1,1.0,2.0,,,0,28.5,5,2024,7,19,33.3,8,2021,7,29,11.1,8,2021,12,1,2003,2024-12-15
11076,北海道宗谷地方,浜鬼志別（ハマオニシベツ）,,2024,12,15,14,0,-4.4,4,13,45,4,-3.4,1.2,99.0,0.0,,,0,28.0,5,2024,7,16,32.7,8,2000,7,31,11.1,8,2018,12,3,1978,2024-12-15
11091,北海道宗谷地方,本泊（モトドマリ）,,2024,12,15,14,0,-3.0,4,13,19,4,-2.8,1.2,1.0,2.0,,,0,27.6,5,2024,7,19,31.8,8,2021,8,7,12.8,8,2021,12,1,2003,2024-12-15
11121,北海道宗谷地方,沼川（ヌマカワ）,,2024,12,15,14,0,-4.0,4,11,41,4,-2.9,2.0,99.0,0.0,,,0,29.7,5,2024,8,7,32.4,8,2021,7,29,11.1,8,2021,12,1,1977,2024-12-15
11151,北海道宗谷地方,沓形（クツガタ）,,2024,12,15,14,0,-2.0,4,13,28,4,-2.3,1.0,1.0,2.0,,,0,28.2,5,2024,7,18,32.5,8,1989,8,7,12.1,8,2014,12,1,1977,2024-12-15
11176,北海道宗谷地方,豊富（トヨトミ）,,2024,12,15,14,0,-3.7,4,11,44,4,-2.9,1.4,99.0,0.0,,,0,29.8,5,2024,8,7,33.1,8,2000,8,1,11.8,8,2021,12,1,1977,2024-12-15
11206,北海道宗谷地方,浜頓別（ハマトンベツ）,,2024,12,15,14,0,-3.9,4,12,14,4,-2.8,1.4,99.0,0.0,,,0,28.5,5,2024,7,21,33.6,4,1989,7,27,11.8,8,2021,12,1,1977,2024-12-15
11276,北海道宗谷地方,中頓別（ナカトンベツ）,,2024,12,15,14,0,-4.3,4,12,37,4,-3.0,1.1,99.0,0.0,,,0,31.1,5,2024,7,19,35.8,8,2021,8,7,10.4,8,1989,12,4,1977,2024-12-15
11291,北海道宗谷地方,北見枝幸（キタミエサシ）,47402.0,2024,12,15,14,0,-3.8,4,12,40,4,-3.2,1.4,99.0,0.0,,,0,31.9,5,2024,7,21,35.0,8,2000,7,31,12.9,8,1954,12,2,1942,2024-12-15
11316,北海道宗谷地方,歌登（ウタノボリ）,,2024,12,15,14,0,-3.3,4,12,7,4,-2.1,2.7,1.0,2.0,,,0,31.4,5,2024,7,21,35.4,8,1989,7,26,12.2,8,1989,12,4,1977,2024-12-15
12011,北海道上川地方,中川（ナカガワ）,,2024,12,15,14,0,-3.0,4,12,8,4,-2.0,2.9,1.0,1.0,,,0,32.1,5,2024,8,12,36.2,8,2021,7,28,12.4,8,2021,12,1,1977,2024-12-15
12041,北海道上川地方,音威子府（オトイネップ）,,2024,12,15,14,0,-3.1,4,10,36,4,-1.5,3.4,1.0,1.0,,,0,32.5,5,2024,8,7,36.6,8,2021,7,28,10.0,8,1990,12,2,1977,2024-12-15
12141,北海道上川地方,美深（ビフカ）,,2024,12,15,14,0,-3.7,4,13,49,4,-1.8,3.2,1.0,1.0,,,0,33.2,5,2024,8,13,36.6,8,2021,7,28,9.8,8,1989,12,4,1977,2024-12-15
12181,北海道上川地方,名寄（ナヨロ）,,2024,12,15,14,0,-3.2,4,10,22,4,-1.3,2.7,1.0,1.0,,,0,34.1,5,2024,8,13,36.4,8,2021,7,28,10.3,8,1990,12,2,1976,2024-12-15
12231,北海道上川地方,下川（シモカワ）,,2024,12,15,14,0,-3.1,4,12,30,4,-1.2,2.4,1.0,1.0,,,0,33.8,5,2024,8,13,37.3,8,2021,7,28,12.4,8,1989,12,4,1977,2024-12-15
12261,北海道上川地方,士別（シベツ）,,2024,12,15,14,0,-3.1,4,12,21,4,-1.2,1.8,12.0,3.0,,,0,34.1,5,2024,8,7,37.0,8,2021,8,7,11.1,8,1989,12,4,1977,2024-12-15
12266,北海道上川地方,朝日（アサヒ）,,2024,12,15,14,0,-3.1,4,12,37,4,-1.3,2.8,1.0,1.0,,,0,34.4,5,2024,8,13,37.2,8,2021,8,7,12.4,8,1989,12,4,1977,2024-12-15
12301,北海道上川地方,和寒（ワッサム）,,2024,12,15,14,0,-3.2,4,13,48,4,-1.5,2.0,1.0,1.0,,,0,35.7,5,2024,8,13,36.8,8,2021,8,7,12.5,8,1989,12,4,1977,2024-12-15
12386,北海道上川地方,江丹別（エタンベツ）,,2024,12,15,14,0,-3.3,4,11,44,4,-1.7,1.8,1.0,1.0,,,0,34.8,5,2024,8,12,38.4,8,2021,7,31,12.6,8,2023,12,7,1977,2024-12-15
12396,北海道上川地方,比布（ピップ）,,2024,12,15,14,0,-3.3,4,11,58,4,-1.4,3.0,1.0,1.0,,,0,36.1,5,2024,8,13,36.9,8,2021,8,7,12.0,8,1989,12,4,1977,2024-12-15
12411,北海道上川地方,上川（カミカワ）,,2024,12,15,14,0,-3.7,4,12,11,4,-1.4,3.1,1.0,1.0,,,0,32.7,5,2024,8,13,35.1,8,2021,8,7,11.7,8,1989,12,4,1977,2024-12-15
12442,北海道上川地方,旭川（アサヒカワ）,47407.0,2024,12,15,14,0,-2.2,4,12,11,4,-1.3,1.6,12.0,3.0,,,0,35.2,5,2024,8,13,37.9,8,2021,8,7,14.7,8,1989,12,4,1888,2024-12-15
12451,北海道上川地方,東川（ヒガシカワ）,,2024,12,15,14,0,-2.1,4,13,15,4,-0.4,3.6,12.0,2.0,,,0,36.3,5,2024,8,13,37.0,8,2021,8,6,12.5,8,2018,12,4,1977,2024-12-15
12501,北海道上川地方,東神楽（ヒガシカグラ）,,2024,12,15,14,0,-2.3,4,13,17,4,-0.9,3.2,12.0,3.0,,,0,33.9,5,2024,8,13,36.1,8,2021,8,7,11.7,8,2018,12,4,2003,2024-12-15
12512,北海道上川地方,志比内（シビナイ）,,2024,12,15,14,0,-2.1,4,12,46,4,-0.1,3.8,12.0,2.0,,,0,34.6,5,2024,8,13,35.3,8,2021,8,7,13.8,8,2018,12,4,1993,2024-12-15
12551,北海道上川地方,美瑛（ビエイ）,,2024,12,15,14,0,-2.2,4,12,51,4,-0.4,3.7,12.0,2.0,,,0,34.9,5,2024,8,13,37.1,8,2021,8,7,12.3,8,2021,12,1,1977,2024-12-15
12596,北海道上川地方,上富良野（カミフラノ）,,2024,12,15,14,0,-1.4,4,12,9,4,-0.1,3.2,12.0,2.0,,,0,35.7,5,2024,7,21,37.5,8,2021,8,7,12.9,8,2021,12,1,1977,2024-12-15
12626,北海道上川地方,富良野（フラノ）,,2024,12,15,14,0,-1.5,4,12,26,4,-0.1,3.8,12.0,2.0,,,0,35.4,5,2024,7,21,38.5,8,2021,8,7,13.6,8,1989,12,4,1976,2024-12-15
12632,北海道上川地方,麓郷（ロクゴウ）,,2024,12,15,14,0,-2.2,4,11,45,4,-0.5,3.5,12.0,3.0,,,0,34.6,5,2024,7,21,37.4,8,2021,8,7,11.8,8,1989,12,4,1978,2024-12-15
12691,北海道上川地方,幾寅（イクトラ）,,2024,12,15,14,0,-2.3,4,11,34,4,-0.8,3.5,12.0,3.0,,,0,34.0,5,2024,7,21,34.9,8,2023,8,24,12.1,8,1990,12,1,1977,2024-12-15
12746,北海道上川地方,占冠（シムカップ）,,2024,12,15,14,0,-2.3,4,12,15,4,-0.9,3.2,12.0,3.0,,,0,32.8,5,2024,7,21,34.6,8,2021,7,19,12.8,8,2021,12,1,1977,2024-12-15
15041,北海道上川地方,朱鞠内（シュマリナイ）,,2024,12,15,14,0,-4.0,4,10,3,4,-1.5,2.1,1.0,1.0,,,0,34.3,5,2024,8,13,34.9,8,2021,7,28,9.5,8,1989,12,4,1978,2024-12-15
15076,北海道上川地方,幌加内（ホロカナイ）,,2024,12,15,14,0,-3.9,4,11,54,4,-2.1,1.6,1.0,1.0,,,0,34.9,5,2024,8,12,37.3,8,2021,7,28,10.8,8,1989,12,4,1977,2024-12-15
13061,北海道留萌地方,天塩（テシオ）,,2024,12,15,14,0,-1.6,4,11,6,4,-1.7,2.1,1.0,1.0,,,0,31.4,5,2024,8,12,33.8,4,2021,7,27,12.3,8,2021,12,1,1977,2024-12-15
13086,北海道留萌地方,遠別（エンベツ）,,2024,12,15,14,0,-1.5,4,12,52,4,-1.6,1.1,1.0,1.0,,,0,33.6,5,2024,8,12,34.2,8,1979,8,18,13.0,8,2021,12,1,1977,2024-12-15
13121,北海道留萌地方,初山別（ショサンベツ）,,2024,12,15,14,0,-0.8,4,13,39,4,-1.6,1.3,1.0,1.0,,,0,32.6,5,2024,8,13,33.8,8,2021,8,1,12.3,8,2018,12,4,1977,2024-12-15
13146,北海道留萌地方,焼尻（ヤギシリ）,,2024,12,15,14,0,-0.9,4,11,10,4,-1.8,1.9,1.0,1.0,,,0,28.9,5,2024,7,18,32.4,8,2023,8,24,12.6,8,2018,12,4,1977,2024-12-15
13181,北海道留萌地方,羽幌（ハボロ）,47404.0,2024,12,15,14,0,-0.5,4,13,37,4,-1.4,1.8,1.0,1.0,,,0,31.4,5,2024,8,3,34.4,8,2021,8,1,12.4,8,2021,12,1,1921,2024-12-15
13261,北海道留萌地方,達布（タップ）,,2024,12,15,14,0,-2.0,4,8,32,4,-1.7,1.9,1.0,1.0,,,0,35.4,5,2024,8,12,38.7,8,2021,8,7,11.4,8,2021,12,1,1977,2024-12-15
13277,北海道留萌地方,留萌（ルモイ）,47406.0,2024,12,15,14,0,-0.4,4,9,45,4,-1.6,1.0,1.0,1.0,,,0,33.4,5,2024,8,13,35.6,8,2021,8,1,14.0,8,1968,12,10,1943,2024-12-15
13311,北海道留萌地方,増毛（マシケ）,,2024,12,15,14,0,-0.4,4,9,26,4,-1.9,0.7,1.0,1.0,,,0,32.6,5,2024,8,23,34.2,8,2021,8,1,15.9,8,2018,12,4,1978,2024-12-15
13321,北海道留萌地方,幌糠（ホロヌカ）,,2024,12,15,14,0,-2.8,4,2,40,4,-2.5,0.4,99.0,0.0,,,0,34.3,5,2024,8,12,35.9,8,2021,8,7,12.4,8,1979,12,20,1977,2024-12-15
14026,北海道石狩地方,浜益（ハママス）,,2024,12,15,14,0,0.2,4,6,52,4,-1.6,0.7,1.0,1.0,,,0,31.0,5,2024,8,30,34.6,8,1989,8,7,14.4,8,2021,12,1,1977,2024-12-15
14071,北海道石狩地方,厚田（アツタ）,,2024,12,15,14,0,-0.1,4,10,3,4,-1.6,1.1,1.0,1.0,,,0,33.5,5,2024,7,21,36.1,8,2021,7,28,13.8,8,1989,12,4,1977,2024-12-15
14101,北海道石狩地方,新篠津（シンシノツ）,,2024,12,15,14,0,-3.1,4,11,59,4,-3.0,0.6,99.0,0.0,,,0,33.8,5,2024,8,12,35.5,8,2023,8,25,13.8,8,2021,12,1,1978,2024-12-15
14116,北海道石狩地方,山口（ヤマグチ）,,2024,12,15,14,0,-0.9,4,11,22,4,-2.6,0.8,99.0,0.0,,,0,34.8,5,2024,7,22,37.1,8,2021,7,28,15.0,8,1989,12,4,1977,2024-12-15
14121,北海道石狩地方,石狩（イシカリ）,,2024,12,15,14,0,-2.6,4,9,26,4,-3.7,-0.2,99.0,0.0,,,0,34.3,5,2024,7,21,35.4,8,2021,7,28,13.5,8,2021,12,1,1990,2024-12-15
14136,北海道石狩地方,江別（エベツ）,,2024,12,15,14,0,-2.7,4,13,13,4,-2.9,0.3,1.0,2.0,,,0,34.7,5,2024,8,12,35.6,8,2021,7,31,13.8,8,2021,12,1,2000,2024-12-15
14163,北海道石狩地方,札幌（サッポロ）,47412.0,2024,12,15,14,0,0.5,4,11,45,4,-1.3,1.1,12.0,3.0,,,0,34.7,5,2024,7,22,36.3,8,2023,8,23,14.8,8,1989,12,4,1876,2024-12-15
14206,北海道石狩地方,恵庭島松（エニワシママツ）,,2024,12,15,14,0,0.4,4,12,21,4,-0.4,2.8,12.0,2.0,,,0,34.0,5,2024,8,12,34.3,8,1999,8,8,14.5,8,1989,12,4,1977,2024-12-15
14286,北海道石狩地方,支笏湖畔（シコツコハン）,,2024,12,15,14,0,-1.1,4,11,19,4,-1.3,2.1,1.0,1.0,,,0,30.5,5,2024,8,12,31.9,8,2007,8,14,12.5,8,2021,12,1,1977,2024-12-15
14296,北海道石狩地方,千歳（チトセ）,,2024,12,15,14,0,-0.1,4,11,59,4,-1.7,2.7,1.0,1.0,,,0,32.9,5,2024,8,12,34.2,8,2011,8,11,13.3,8,2021,12,1,2003,2024-12-15
15116,北海道空知地方,石狩沼田（イシカリヌマタ）,,2024,12,15,14,0,-3.7,4,14,0,4,-2.3,1.1,1.0,2.0,,,0,35.1,5,2024,8,13,36.9,8,2021,8,7,11.0,8,1989,12,4,1976,2024-12-15
15156,北海道空知地方,秩父別（チップベツ）,,2024,12,15,14,0,-3.7,4,10,52,4,,0.6,,,,,0,34.3,5,2024,8,13,35.1,8,2023,8,24,9.9,8,2023,12,7,2022,2024-12-15
15161,北海道空知地方,深川（フカガワ）,,2024,12,15,14,0,-3.6,4,11,51,4,-2.6,1.2,1.0,2.0,,,0,33.0,5,2024,7,21,36.1,8,2021,8,6,13.2,8,1989,12,4,1977,2024-12-15
15231,北海道空知地方,空知吉野（ソラチヨシノ）,,2024,12,15,14,0,-3.6,4,11,52,4,-3.0,-0.4,99.0,0.0,,,0,34.2,5,2024,8,12,36.8,8,2021,8,7,13.0,8,2021,12,1,1978,2024-12-15
15241,北海道空知地方,滝川（タキカワ）,,2024,12,15,14,0,-3.5,4,13,11,4,-2.6,0.4,1.0,2.0,,,0,34.7,5,2024,8,13,36.0,8,2021,7,28,13.9,8,2021,12,1,1976,2024-12-15
15251,北海道空知地方,芦別（アシベツ）,,2024,12,15,14,0,-0.8,4,12,35,4,-0.7,3.1,12.0,3.0,,,0,34.6,5,2024,7,21,37.2,8,2021,7,31,14.3,8,1989,12,4,1978,2024-12-15
15311,北海道空知地方,月形（ツキガタ）,,2024,12,15,14,0,-2.6,4,13,59,4,-2.5,0.2,99.0,0.0,,,0,34.6,5,2024,8,12,36.3,8,2021,7,31,12.6,8,1989,12,4,1977,2024-12-15
15321,北海道空知地方,美唄（ビバイ）,,2024,12,15,14,0,-2.8,4,13,21,4,-2.3,1.7,1.0,2.0,,,0,34.6,5,2024,8,12,35.6,8,2021,8,6,13.9,8,1989,12,4,1977,2024-12-15
15356,北海道空知地方,岩見沢（イワミザワ）,47413.0,2024,12,15,14,0,-0.9,4,12,49,4,-1.2,3.2,12.0,3.0,,,0,34.8,5,2024,8,12,35.7,8,2023,8,25,14.3,8,2021,12,1,1946,2024-12-15
15431,北海道空知地方,長沼（ナガヌマ）,,2024,12,15,14,0,-0.1,4,12,22,4,-0.7,3.3,12.0,3.0,,,0,36.3,5,2024,8,12,36.3,8,2024,8,12,14.1,8,2021,12,1,1977,2024-12-15
15442,北海道空知地方,夕張（ユウバリ）,,2024,12,15,14,0,-3.2,4,13,31,4,-2.4,2.9,99.0,0.0,,,0,33.0,5,2024,7,21,35.0,8,2021,7,28,12.6,8,2021,12,1,1976,2024-12-15
16026,北海道後志地方,美国（ビクニ）,,2024,12,15,14,0,-1.9,4,10,18,4,-2.5,1.2,99.0,0.0,,,0,32.8,5,2024,8,3,35.2,8,2023,8,31,14.1,8,2010,12,3,1977,2024-12-15
16061,北海道後志地方,神恵内（カモエナイ）,,2024,12,15,14,0,0.0,4,4,17,4,-2.0,0.0,1.0,1.0,,,0,32.3,5,2024,7,21,33.5,8,2021,7,28,15.0,8,2010,12,3,1977,2024-12-15
16076,北海道後志地方,余市（ヨイチ）,,2024,12,15,14,0,-2.0,4,14,0,4,-3.2,0.4,99.0,0.0,,,0,33.5,5,2024,7,21,34.9,8,1984,8,16,15.0,8,2010,12,3,1977,2024-12-15
16091,北海道後志地方,小樽（オタル）,47411.0,2024,12,15,14,0,-1.0,4,10,37,4,-2.3,1.4,99.0,0.0,,,0,32.7,5,2024,8,30,36.2,8,2021,7,28,15.2,8,1954,12,1,1943,2024-12-15
16156,北海道後志地方,共和（キョウワ）,,2024,12,15,14,0,0.2,4,8,22,4,-1.3,1.3,1.0,1.0,,,0,34.3,5,2024,7,21,35.0,8,2023,8,10,15.3,8,2018,12,4,1977,2024-12-15
16206,北海道後志地方,蘭越（ランコシ）,,2024,12,15,14,0,-0.1,4,3,0,4,-1.0,1.2,1.0,1.0,,,0,33.6,5,2024,8,12,35.4,8,2023,8,23,13.6,8,2014,12,1,1977,2024-12-15
16217,北海道後志地方,倶知安（クッチャン）,47433.0,2024,12,15,14,0,-1.9,4,4,38,4,-1.7,1.7,1.0,1.0,,,0,33.0,5,2024,8,12,34.6,8,2023,8,23,12.5,8,2010,12,3,1944,2024-12-15
16252,北海道後志地方,寿都（スッツ）,47421.0,2024,12,15,14,0,0.4,4,8,16,4,-1.4,0.3,1.0,1.0,,,0,30.8,5,2024,7,22,34.0,8,1904,8,20,15.1,8,1953,12,1,1884,2024-12-15
16281,北海道後志地方,真狩（マッカリ）,,2024,12,15,14,0,-3.9,4,10,34,4,-1.9,2.4,1.0,1.0,,,0,30.0,5,2024,8,11,32.3,8,2021,7,27,12.1,8,2010,12,3,1978,2024-12-15
16286,北海道後志地方,喜茂別（キモベツ）,,2024,12,15,14,0,-2.3,4,10,31,4,-1.4,2.5,1.0,1.0,,,0,31.3,5,2024,8,12,34.5,8,2023,8,25,11.3,8,2023,12,9,1977,2024-12-15
16321,北海道後志地方,黒松内（クロマツナイ）,,2024,12,15,14,0,-0.2,4,4,47,4,-1.4,1.3,1.0,1.0,,,0,33.2,5,2024,7,22,34.5,8,2021,7,18,13.7,8,1989,12,4,1977,2024-12-15
17036,北海道網走・北見・紋別地方,雄武（オウム）,47405.0,2024,12,15,14,0,-1.1,4,11,32,4,-1.0,3.1,12.0,3.0,,,0,32.9,5,2024,8,23,35.3,8,2023,8,17,15.3,8,1989,12,4,1942,2024-12-15
17076,北海道網走・北見・紋別地方,興部（オコッペ）,,2024,12,15,14,0,-1.4,4,11,35,4,-1.5,2.4,1.0,1.0,,,0,32.2,5,2024,7,23,34.3,8,1999,8,9,15.6,8,1989,12,4,1977,2024-12-15
17091,北海道網走・北見・紋別地方,西興部（ニシオコッペ）,,2024,12,15,14,0,-2.4,4,10,53,4,-1.4,3.3,1.0,1.0,,,0,32.8,5,2024,7,21,36.4,8,1978,8,3,14.7,8,1989,12,4,1977,2024-12-15
17112,北海道網走・北見・紋別地方,紋別（モンベツ）,47435.0,2024,12,15,14,0,-0.2,4,12,55,4,-0.4,4.0,12.0,2.0,,,0,34.1,5,2024,8,23,37.0,8,2019,5,26,16.5,8,1989,12,4,1956,2024-12-15
17116,北海道網走・北見・紋別地方,紋別小向（モンベツコムカイ）,,2024,12,15,14,0,-0.1,4,12,54,4,-0.6,4.6,12.0,2.0,,,0,33.4,5,2024,8,23,37.2,8,2019,5,26,15.6,8,2021,12,1,2003,2024-12-15
17166,北海道網走・北見・紋別地方,湧別（ユウベツ）,,2024,12,15,14,0,-0.8,4,14,0,4,-0.9,3.1,12.0,3.0,,,0,34.8,5,2024,7,22,38.5,8,2019,5,26,17.0,8,1989,12,4,1977,2024-12-15
17196,北海道網走・北見・紋別地方,滝上（タキノウエ）,,2024,12,15,14,0,-2.2,4,10,19,4,-1.1,3.1,12.0,3.0,,,0,36.0,5,2024,7,21,37.7,8,1978,8,3,14.6,8,1989,12,4,1977,2024-12-15
17246,北海道網走・北見・紋別地方,常呂（トコロ）,,2024,12,15,14,0,0.6,4,13,35,4,0.3,4.3,12.0,2.0,,,0,34.2,5,2024,7,21,36.9,8,1994,8,7,16.4,8,2008,12,5,1977,2024-12-15
17306,北海道網走・北見・紋別地方,遠軽（エンガル）,,2024,12,15,14,0,0.2,4,13,37,4,0.1,4.3,12.0,2.0,,,0,35.7,5,2024,7,21,37.7,8,2019,5,26,16.6,8,1989,12,4,1977,2024-12-15
17316,北海道網走・北見・紋別地方,佐呂間（サロマ）,,2024,12,15,14,0,0.7,4,12,47,4,0.8,5.3,12.0,2.0,,,0,36.0,5,2024,7,23,39.5,8,2019,5,26,16.2,8,1989,12,4,1977,2024-12-15
17341,北海道網走・北見・紋別地方,網走（アバシリ）,47409.0,2024,12,15,14,0,0.6,4,13,37,4,0.0,4.2,12.0,2.0,,,0,33.5,5,2024,7,22,37.6,8,1994,8,7,17.6,8,1890,12,9,1889,2024-12-15
17351,北海道網走・北見・紋別地方,宇登呂（ウトロ）,,2024,12,15,14,0,0.2,4,13,34,4,-0.2,4.6,12.0,2.0,,,0,33.1,5,2024,7,22,35.3,8,2020,8,11,15.6,8,1989,12,4,1978,2024-12-15
17482,北海道網走・北見・紋別地方,白滝（シラタキ）,,2024,12,15,14,0,-4.1,4,12,0,4,-1.3,2.9,1.0,1.0,,,0,34.1,5,2024,7,21,34.1,8,2024,7,21,12.3,8,2018,12,4,1993,2024-12-15
17501,北海道網走・北見・紋別地方,生田原（イクタハラ）,,2024,12,15,14,0,-0.6,4,13,25,4,0.1,3.6,12.0,2.0,,,0,35.4,5,2024,7,21,37.0,8,2019,5,26,14.8,8,1989,12,4,1977,2024-12-15
17521,北海道網走・北見・紋別地方,北見（キタミ）,,2024,12,15,14,0,0.9,4,13,20,4,1.0,4.9,12.0,1.0,,,0,35.0,5,2024,7,23,38.1,8,2019,5,26,14.5,8,1989,12,4,1976,2024-12-15
17531,北海道網走・北見・紋別地方,女満別（メマンベツ）,,2024,12,15,14,0,1.5,4,13,48,4,1.2,5.0,12.0,1.0,,,0,35.8,5,2024,7,23,37.7,8,2019,5,26,14.8,8,2008,12,5,2003,2024-12-15
17546,北海道網走・北見・紋別地方,小清水（コシミズ）,,2024,12,15,14,0,1.8,4,13,38,4,1.2,6.0,12.0,1.0,,,0,34.9,5,2024,7,22,36.7,8,2019,5,26,15.3,8,1989,12,4,1977,2024-12-15
17561,北海道網走・北見・紋別地方,斜里（シャリ）,,2024,12,15,14,0,1.7,4,13,26,4,1.0,5.4,12.0,1.0,,,0,34.7,5,2024,7,22,37.1,8,2023,8,26,15.7,8,2021,12,1,1977,2024-12-15
17596,北海道網走・北見・紋別地方,留辺蘂（ルベシベ）,,2024,12,15,14,0,-1.5,4,12,31,4,0.2,4.2,12.0,2.0,,,0,34.0,5,2024,7,21,36.4,8,2019,5,26,13.4,8,1989,12,4,1978,2024-12-15
17607,北海道網走・北見・紋別地方,境野（サカイノ）,,2024,12,15,14,0,1.1,4,12,57,4,1.8,5.3,12.0,1.0,,,0,35.2,5,2024,7,21,37.4,8,2021,7,18,15.0,8,1989,12,4,1977,2024-12-15
17631,北海道網走・北見・紋別地方,美幌（ビホロ）,,2024,12,15,14,0,2.2,4,13,59,4,2.1,5.6,12.0,1.0,,,0,36.2,5,2024,7,23,37.4,8,2019,5,26,15.6,8,1989,12,4,1977,2024-12-15
17717,北海道網走・北見・紋別地方,津別（ツベツ）,,2024,12,15,14,0,2.0,4,13,31,4,1.7,5.7,12.0,1.0,,,0,35.6,5,2024,7,22,38.0,8,2019,5,26,15.3,8,1989,12,4,1988,2024-12-15
18038,北海道根室地方,羅臼（ラウス）,,2024,12,15,14,0,1.4,4,12,26,4,0.0,4.9,12.0,2.0,,,0,32.7,5,2024,7,23,32.7,8,2024,7,23,12.7,8,2008,12,9,2005,2024-12-15
18136,北海道根室地方,標津（シベツ）,,2024,12,15,14,0,1.5,4,13,37,4,0.2,5.1,12.0,2.0,,,0,33.8,5,2024,7,22,35.0,8,2010,8,6,15.0,8,1989,12,4,1977,2024-12-15
18161,北海道根室地方,上標津（カミシベツ）,,2024,12,15,14,0,0.9,4,13,46,4,0.6,5.1,12.0,2.0,,,0,32.4,5,2024,7,23,35.2,8,2019,5,26,12.9,8,2021,12,1,2003,2024-12-15
18171,北海道根室地方,中標津（ナカシベツ）,,2024,12,15,14,0,1.4,4,14,0,4,0.5,4.6,12.0,2.0,,,0,34.1,5,2024,7,23,36.5,8,2019,5,26,14.3,8,1989,12,4,1977,2024-12-15
18174,北海道根室地方,根室中標津（ネムロナカシベツ）,,2024,12,15,14,0,1.3,4,13,50,4,0.2,4.7,12.0,2.0,,,0,34.4,5,2024,7,23,36.8,8,2019,5,26,13.7,8,2021,12,1,2003,2024-12-15
18256,北海道根室地方,別海（ベツカイ）,,2024,12,15,14,0,3.1,4,13,6,4,1.6,5.9,12.0,1.0,,,0,34.2,5,2024,7,23,36.6,8,2019,5,26,14.2,8,1989,12,4,1977,2024-12-15
18273,北海道根室地方,根室（ネムロ）,47420.0,2024,12,15,14,0,1.8,4,12,19,4,-0.2,4.2,12.0,2.0,,,0,32.6,5,2024,7,23,34.0,8,2019,5,26,13.6,8,2024,12,3,1879,2024-12-15
18281,北海道根室地方,納沙布（ノサップ）,,2024,12,15,14,0,1.7,4,13,59,4,-0.6,4.0,12.0,2.0,,,0,32.1,5,2024,7,23,33.5,8,2020,8,11,13.9,8,2024,12,3,1977,2024-12-15
18311,北海道根室地方,厚床（アットコ）,,2024,12,15,14,0,1.9,4,13,59,4,0.2,5.2,12.0,2.0,,,0,32.9,5,2024,8,24,34.9,8,2015,8,5,12.7,8,2024,12,3,1977,2024-12-15
19021,北海道釧路地方,川湯（カワユ）,,2024,12,15,14,0,2.1,4,13,46,4,2.2,6.0,12.0,1.0,,,0,33.6,5,2024,8,24,36.0,8,2019,5,26,13.7,8,1989,12,4,1977,2024-12-15
19051,北海道釧路地方,弟子屈（テシカガ）,,2024,12,15,14,0,2.2,4,13,16,4,2.5,6.6,12.0,1.0,,,0,33.1,5,2024,8,24,35.7,8,2019,5,26,12.9,8,1989,12,4,1977,2024-12-15
19076,北海道釧路地方,阿寒湖畔（アカンコハン）,,2024,12,15,14,0,-1.2,4,12,51,4,0.4,5.0,12.0,2.0,,,0,31.7,5,2024,7,23,35.5,8,2019,5,26,11.8,8,2021,12,1,1977,2024-12-15
19151,北海道釧路地方,標茶（シベチャ）,,2024,12,15,14,0,2.5,4,13,6,4,1.3,4.9,12.0,1.0,,,0,33.0,5,2024,7,21,35.1,8,2023,8,25,14.1,8,1989,12,4,1977,2024-12-15
19191,北海道釧路地方,鶴居（ツルイ）,,2024,12,15,14,0,3.1,4,13,53,4,1.4,4.0,12.0,1.0,,,0,34.2,5,2024,7,23,35.1,8,2010,8,7,13.1,8,2021,12,1,1977,2024-12-15
19261,北海道釧路地方,中徹別（ナカテシベツ）,,2024,12,15,14,0,3.5,4,12,56,4,2.0,5.0,12.0,1.0,,,0,33.9,5,2024,7,22,36.1,8,2019,5,26,14.3,8,1989,12,4,1977,2024-12-15
19311,北海道釧路地方,榊町（サカキマチ）,,2024,12,15,14,0,2.8,4,12,0,4,0.7,5.2,12.0,2.0,,,0,31.8,5,2024,8,24,35.5,8,2010,8,7,13.0,8,2024,12,3,1977,2024-12-15
19347,北海道釧路地方,鶴丘（ツルオカ）,,2024,12,15,14,0,2.5,4,12,59,4,0.8,4.0,12.0,1.0,,,0,32.1,5,2024,7,3,35.6,8,2007,8,15,12.5,8,2021,12,7,2003,2024-12-15
19376,北海道釧路地方,太田（オオタ）,,2024,12,15,14,0,2.1,4,11,36,4,0.8,4.9,12.0,1.0,,,0,32.2,5,2024,8,24,34.7,8,2010,8,7,13.0,8,2024,12,3,1977,2024-12-15
19416,北海道釧路地方,白糠（シラヌカ）,,2024,12,15,14,0,3.0,4,13,26,4,0.8,4.3,12.0,1.0,,,0,32.5,5,2024,7,3,35.5,8,2007,8,15,13.1,8,2021,12,7,1977,2024-12-15
19432,北海道釧路地方,釧路（クシロ）,47418.0,2024,12,15,14,0,3.3,4,13,56,4,0.9,4.4,12.0,1.0,,,0,29.1,5,2024,8,10,33.5,8,2022,7,31,12.4,8,2021,12,1,1910,2024-12-15
19451,北海道釧路地方,知方学（チッポマナイ）,,2024,12,15,14,0,1.7,4,13,57,4,0.3,5.0,12.0,2.0,,,0,27.4,5,2024,8,24,31.5,8,2010,6,26,11.2,8,2024,12,3,1978,2024-12-15
20146,北海道十勝地方,陸別（リクベツ）,,2024,12,15,14,0,0.4,4,12,39,4,0.8,3.6,12.0,2.0,,,0,34.3,5,2024,7,21,37.8,8,2019,5,26,12.9,8,1989,12,4,1977,2024-12-15
20186,北海道十勝地方,ぬかびら源泉郷（ヌカビラゲンセンキョウ）,,2024,12,15,14,0,-2.6,4,11,11,4,-0.6,3.0,12.0,3.0,,,0,31.9,5,2024,7,20,34.5,8,2019,5,26,11.1,8,1989,12,4,1976,2024-12-15
20266,北海道十勝地方,上士幌（カミシホロ）,,2024,12,15,14,0,-1.0,4,12,22,4,-0.4,1.8,12.0,2.0,,,0,34.3,5,2024,7,21,36.6,8,2010,6,26,11.9,8,1990,12,1,1977,2024-12-15
20276,北海道十勝地方,足寄（アショロ）,,2024,12,15,14,0,1.5,4,12,40,4,0.8,2.6,12.0,1.0,,,0,35.8,5,2024,7,21,38.8,8,2019,5,26,13.9,8,2021,12,1,1977,2024-12-15
20341,北海道十勝地方,本別（ホンベツ）,,2024,12,15,14,0,2.1,4,12,27,4,1.5,3.1,12.0,1.0,,,0,35.9,5,2024,7,21,37.2,8,2019,5,26,14.7,8,1989,12,4,1976,2024-12-15
20356,北海道十勝地方,新得（シントク）,,2024,12,15,14,0,0.7,4,11,28,4,0.6,3.6,12.0,2.0,,,0,36.0,5,2024,7,21,36.2,8,1999,8,9,15.1,8,1989,12,4,1977,2024-12-15
20361,北海道十勝地方,鹿追（シカオイ）,,2024,12,15,14,0,0.7,4,12,42,4,1.0,3.6,12.0,1.0,,,0,36.1,5,2024,7,21,36.5,8,2019,5,26,14.2,8,1989,12,4,1978,2024-12-15
20371,北海道十勝地方,駒場（コマバ）,,2024,12,15,14,0,1.0,4,12,11,4,0.9,2.9,12.0,1.0,,,0,34.2,5,2024,7,21,37.8,8,2014,6,3,13.1,8,1989,12,4,1977,2024-12-15
20421,北海道十勝地方,芽室（メムロ）,,2024,12,15,14,0,1.3,4,12,56,4,1.0,2.9,12.0,1.0,,,0,35.5,5,2024,7,21,38.1,8,2019,5,26,14.9,8,1989,12,4,1977,2024-12-15
20432,北海道十勝地方,帯広（オビヒロ）,47417.0,2024,12,15,14,0,2.2,4,13,6,4,1.3,2.7,12.0,1.0,,,0,35.1,5,2024,7,22,38.8,8,2019,5,26,16.0,8,1954,12,2,1892,2024-12-15
20441,北海道十勝地方,池田（イケダ）,,2024,12,15,14,0,3.1,4,13,21,4,2.7,3.8,12.0,1.0,,,0,35.5,5,2024,7,22,38.8,8,2019,5,26,14.4,8,1989,12,4,1977,2024-12-15
20506,北海道十勝地方,浦幌（ウラホロ）,,2024,12,15,14,0,3.5,4,13,15,4,2.1,4.6,12.0,1.0,,,0,35.0,5,2024,7,22,37.9,8,2019,5,26,14.8,8,1989,12,4,1977,2024-12-15
20551,北海道十勝地方,帯広泉（オビヒロイズミ）,,2024,12,15,14,0,2.4,4,13,39,4,2.6,3.3,12.0,1.0,,,0,34.3,5,2024,7,22,37.8,8,2019,5,26,12.0,8,2021,12,1,2003,2024-12-15
20556,北海道十勝地方,糠内（ヌカナイ）,,2024,12,15,14,0,2.2,4,12,17,4,1.7,2.9,12.0,1.0,,,0,35.8,5,2024,7,22,38.4,8,2019,5,26,14.0,8,1989,12,4,1978,2024-12-15
20601,北海道十勝地方,上札内（カミサツナイ）,,2024,12,15,14,0,2.0,4,12,32,4,2.5,4.4,12.0,1.0,,,0,32.4,5,2024,7,22,36.7,8,2019,5,26,14.0,8,1990,12,1,1977,2024-12-15
20606,北海道十勝地方,更別（サラベツ）,,2024,12,15,14,0,2.9,4,13,22,4,3.2,4.9,12.0,1.0,,,0,34.3,5,2024,7,22,38.0,8,2019,5,26,14.0,8,1989,12,4,1977,2024-12-15
20631,北海道十勝地方,大津（オオツ）,,2024,12,15,14,0,2.9,4,13,10,4,1.5,3.1,12.0,1.0,,,0,31.9,5,2024,7,3,34.6,8,2010,8,6,13.4,8,1990,12,7,1977,2024-12-15
20696,北海道十勝地方,大樹（タイキ）,,2024,12,15,14,0,3.7,4,13,21,4,2.8,4.6,12.0,1.0,,,0,33.1,5,2024,7,22,35.8,8,2023,8,26,16.3,8,1989,12,4,1977,2024-12-15
20751,北海道十勝地方,広尾（ヒロオ）,47440.0,2024,12,15,14,0,5.0,4,11,53,4,2.5,5.5,12.0,1.0,,,0,33.3,5,2024,7,22,35.8,8,2019,5,26,16.3,8,2021,12,1,1958,2024-12-15
21111,北海道胆振地方,厚真（アツマ）,,2024,12,15,14,0,-0.7,4,12,4,4,-2.1,2.1,1.0,1.0,,,0,34.4,5,2024,8,12,34.4,8,2024,8,12,13.7,8,2021,12,1,1977,2024-12-15
21126,北海道胆振地方,穂別（ホベツ）,,2024,12,15,14,0,-5.3,4,14,0,4,-6.3,-1.9,99.0,0.0,,,0,33.7,5,2024,8,12,34.8,8,2023,8,25,14.3,8,2021,12,1,1977,2024-12-15
21161,北海道胆振地方,大滝（オオタキ）,,2024,12,15,14,0,-2.6,4,10,30,4,-1.3,2.9,1.0,1.0,,,0,30.4,5,2024,8,11,33.1,8,2023,8,24,10.9,8,2021,12,1,1977,2024-12-15
21171,北海道胆振地方,森野（モリノ）,,2024,12,15,14,0,0.1,4,10,6,4,-0.7,3.3,12.0,3.0,,,0,31.8,5,2024,8,11,33.1,8,2021,7,27,13.4,8,1989,12,4,1977,2024-12-15
21187,北海道胆振地方,苫小牧（トマコマイ）,47424.0,2024,12,15,14,0,1.7,4,11,2,4,-1.0,1.3,12.0,3.0,,,0,32.3,5,2024,8,11,35.5,8,2007,8,15,14.8,8,1989,12,4,1942,2024-12-15
21226,北海道胆振地方,大岸（オオキシ）,,2024,12,15,14,0,-1.2,4,14,0,4,-3.1,1.3,99.0,0.0,,,0,32.1,5,2024,8,15,33.6,8,2021,7,20,14.7,8,1990,12,1,1977,2024-12-15
21261,北海道胆振地方,白老（シラオイ）,,2024,12,15,14,0,1.8,4,10,41,4,-0.7,2.5,12.0,3.0,,,0,30.9,5,2024,8,24,33.3,8,2021,7,18,14.5,8,1989,12,4,1977,2024-12-15
21276,北海道胆振地方,鵡川（ムカワ）,,2024,12,15,14,0,-0.8,4,11,41,4,-2.6,0.6,1.0,2.0,,,0,32.6,5,2024,8,12,33.5,8,1994,8,10,15.0,8,1990,12,1,1978,2024-12-15
21297,北海道胆振地方,伊達（ダテ）,,2024,12,15,14,0,0.8,4,10,35,4,-1.8,2.3,1.0,1.0,,,0,31.8,5,2024,8,12,33.5,8,2023,8,22,14.6,8,2018,12,4,2007,2024-12-15
21312,北海道胆振地方,登別（ノボリベツ）,,2024,12,15,14,0,-0.9,4,10,12,4,-1.8,1.6,1.0,1.0,,,0,31.8,5,2024,7,21,32.4,8,2021,7,20,12.9,8,1989,12,4,1977,2024-12-15
21323,北海道胆振地方,室蘭（ムロラン）,47423.0,2024,12,15,14,0,0.8,4,9,31,4,-1.9,1.3,1.0,1.0,,,0,29.9,5,2024,8,23,32.8,8,1929,8,8,14.4,8,1989,12,4,1923,2024-12-15
22036,北海道日高地方,日高（ヒダカ）,,2024,12,15,14,0,-2.3,4,12,3,4,-1.8,2.2,1.0,1.0,,,0,33.7,5,2024,8,13,35.8,8,2021,7,31,13.4,8,2021,12,1,1977,2024-12-15
22141,北海道日高地方,日高門別（ヒダカモンベツ）,,2024,12,15,14,0,1.1,4,11,17,4,-1.2,2.6,12.0,3.0,,,0,30.9,5,2024,8,12,32.2,8,2021,7,27,15.6,8,1990,12,1,1976,2024-12-15
22156,北海道日高地方,新和（シンワ）,,2024,12,15,14,0,-0.8,4,12,43,4,-2.5,1.2,99.0,0.0,,,0,34.0,5,2024,8,12,36.0,8,2007,8,13,15.5,8,1990,12,1,1977,2024-12-15
22241,北海道日高地方,静内（シズナイ）,,2024,12,15,14,0,0.8,4,11,42,4,-2.2,1.4,1.0,1.0,,,0,33.9,5,2024,8,12,33.9,8,2024,8,12,15.7,8,1990,12,1,1977,2024-12-15
22291,北海道日高地方,三石（ミツイシ）,,2024,12,15,14,0,1.8,4,11,27,4,-0.9,3.1,12.0,3.0,,,0,33.0,5,2024,8,12,33.4,8,2023,8,28,14.3,8,2021,12,1,1977,2024-12-15
22306,北海道日高地方,中杵臼（ナカキネウス）,,2024,12,15,14,0,1.2,4,12,8,4,-0.4,3.3,12.0,2.0,,,0,31.8,5,2024,8,15,33.8,8,2023,8,25,14.5,8,2021,12,1,1978,2024-12-15
22327,北海道日高地方,浦河（ウラカワ）,47426.0,2024,12,15,14,0,2.4,4,9,45,4,-1.0,2.5,12.0,3.0,,,0,31.0,5,2024,8,12,31.5,8,2023,8,28,14.3,8,1968,12,3,1927,2024-12-15
22391,北海道日高地方,えりも岬（エリモミサキ）,,2024,12,15,14,0,3.3,4,11,11,4,0.0,3.6,12.0,2.0,,,0,26.1,5,2024,8,9,28.5,8,2023,8,27,13.6,8,1989,12,4,1978,2024-12-15
23031,北海道渡島地方,長万部（オシャマンベ）,,2024,12,15,14,0,-0.6,4,14,0,4,-2.3,1.5,99.0,0.0,,,0,31.2,5,2024,8,23,32.6,8,2021,7,18,13.3,8,1989,12,4,1977,2024-12-15
23086,北海道渡島地方,八雲（ヤクモ）,,2024,12,15,14,0,0.0,4,13,29,4,-1.8,1.6,1.0,1.0,,,0,32.1,5,2024,7,20,33.5,8,2021,7,20,15.5,8,2023,12,9,1977,2024-12-15
23166,北海道渡島地方,森（モリ）,,2024,12,15,14,0,-0.8,4,13,57,4,-2.4,1.0,1.0,1.0,,,0,31.8,5,2024,7,21,33.6,8,2023,8,31,14.5,8,2023,12,9,2002,2024-12-15
23206,北海道渡島地方,川汲（カックミ）,,2024,12,15,14,0,2.5,4,11,45,4,-0.4,2.9,12.0,3.0,,,0,31.2,5,2024,8,24,33.4,8,2023,8,31,15.8,8,1989,12,4,1977,2024-12-15
23226,北海道渡島地方,北斗（ホクト）,,2024,12,15,14,0,0.2,4,11,10,4,-1.9,0.3,1.0,1.0,,,0,33.7,5,2024,8,23,34.5,8,2023,8,24,16.3,8,2023,12,9,1977,2024-12-15
23232,北海道渡島地方,函館（ハコダテ）,47430.0,2024,12,15,14,0,2.1,4,11,27,4,-0.8,1.7,12.0,3.0,,,0,32.2,5,2024,8,23,35.4,8,2023,8,10,16.3,8,1990,12,1,1872,2024-12-15
23281,北海道渡島地方,高松（タカマツ）,,2024,12,15,14,0,3.2,4,11,52,4,-0.3,3.2,12.0,2.0,,,0,29.8,5,2024,8,30,33.1,8,2023,8,10,15.6,8,2023,12,9,2003,2024-12-15
23326,北海道渡島地方,木古内（キコナイ）,,2024,12,15,14,0,2.1,4,11,30,4,-0.8,2.3,12.0,3.0,,,0,32.9,5,2024,8,23,34.2,8,2023,7,29,16.9,8,1990,12,1,1977,2024-12-15
23376,北海道渡島地方,松前（マツマエ）,,2024,12,15,14,0,4.7,4,10,51,4,0.4,2.6,12.0,2.0,,,0,30.5,5,2024,8,30,34.2,8,2023,8,24,15.8,8,1990,12,1,1977,2024-12-15
24141,北海道渡島地方,熊石（クマイシ）,,2024,12,15,14,0,1.0,4,6,18,4,-1.8,0.1,1.0,1.0,,,0,30.4,5,2024,8,11,33.5,8,1978,8,3,14.9,8,2021,12,1,1977,2024-12-15
24041,北海道檜山地方,せたな（セタナ）,,2024,12,15,14,0,1.3,4,3,55,4,-1.5,0.2,1.0,1.0,,,0,29.5,5,2024,8,23,32.8,8,1999,8,4,14.0,8,2023,12,9,1977,2024-12-15
24051,北海道檜山地方,今金（イマカネ）,,2024,12,15,14,0,0.6,4,3,41,4,-1.0,1.0,12.0,3.0,,,0,32.4,5,2024,8,11,34.8,8,2006,8,9,13.1,8,2023,12,9,1977,2024-12-15
24101,北海道檜山地方,奥尻（オクシリ）,,2024,12,15,14,0,3.2,4,0,43,4,-0.6,0.5,12.0,3.0,,,0,28.4,5,2024,9,5,32.8,8,2023,8,10,14.6,8,2018,12,4,2000,2024-12-15
24156,北海道檜山地方,米岡（ヨネオカ）,,2024,12,15,14,0,1.6,4,11,26,4,-1.7,0.4,1.0,1.0,,,0,30.4,5,2024,8,30,32.7,8,2023,8,10,14.0,8,2023,12,9,2003,2024-12-15
24201,北海道檜山地方,鶉（ウズラ）,,2024,12,15,14,0,0.5,4,12,41,4,-1.6,0.5,1.0,1.0,,,0,31.6,5,2024,8,23,35.0,8,2023,8,10,15.0,8,2023,12,9,1977,2024-12-15
24217,北海道檜山地方,江差（エサシ）,47428.0,2024,12,15,14,0,2.6,4,7,10,4,-1.4,1.0,1.0,1.0,,,0,32.1,5,2024,8,30,34.6,8,2023,8,31,15.5,8,1954,12,1,1941,2024-12-15
31001,青森県,大間（オオマ）,,2024,12,15,14,0,5.6,4,10,39,4,1.0,4.3,12.0,1.0,,,0,31.8,5,2024,8,23,32.9,8,2023,8,24,15.6,8,2018,12,4,1976,2024-12-15
31111,青森県,むつ（ムツ）,47576.0,2024,12,15,14,0,4.4,4,9,54,4,0.2,3.7,12.0,2.0,,,0,32.8,5,2024,8,23,35.3,8,2023,8,10,17.2,8,2004,12,4,1935,2024-12-15
31121,青森県,小田野沢（オダノサワ）,,2024,12,15,14,0,5.3,4,11,26,4,0.8,3.5,12.0,1.0,,,0,33.5,5,2024,8,23,34.9,8,2023,8,4,19.2,8,2018,12,4,1976,2024-12-15
31136,青森県,今別（イマベツ）,,2024,12,15,14,0,4.8,4,9,38,4,0.8,3.6,12.0,1.0,,,0,33.2,5,2024,8,23,33.7,8,2023,8,26,15.8,8,1990,12,1,1976,2024-12-15
31156,青森県,脇野沢（ワキノサワ）,,2024,12,15,14,0,4.0,4,8,26,4,-0.3,2.5,12.0,2.0,,,0,32.8,5,2024,8,23,34.6,8,2023,8,24,16.4,8,1990,12,1,1976,2024-12-15
31186,青森県,市浦（シウラ）,,2024,12,15,14,0,4.8,4,9,54,4,0.4,2.5,12.0,2.0,,,0,32.7,5,2024,7,21,37.2,8,2023,8,10,15.9,8,1990,12,1,1976,2024-12-15
31201,青森県,蟹田（カニタ）,,2024,12,15,14,0,4.0,4,10,33,4,0.0,2.4,12.0,2.0,,,0,33.8,5,2024,8,23,34.6,8,2023,8,24,17.4,8,1990,12,1,1976,2024-12-15
31296,青森県,五所川原（ゴショガワラ）,,2024,12,15,14,0,3.0,4,13,57,4,-1.2,1.5,12.0,3.0,,,0,35.2,5,2024,8,23,39.0,8,2023,8,10,17.5,8,1990,12,1,1976,2024-12-15
31312,青森県,青森（アオモリ）,47575.0,2024,12,15,14,0,3.5,4,11,0,4,-0.8,2.8,12.0,3.0,,,0,34.6,5,2024,7,21,36.7,8,1994,8,12,21.1,8,1929,12,17,1882,2024-12-15
31332,青森県,野辺地（ノヘジ）,,2024,12,15,14,0,3.6,4,12,2,4,-0.6,1.7,12.0,3.0,,,0,34.3,5,2024,8,23,35.6,8,2023,8,10,18.0,8,2018,12,4,2008,2024-12-15
31336,青森県,六ケ所（ロッカショ）,,2024,12,15,14,0,3.9,4,10,54,4,0.3,2.1,12.0,2.0,,,0,34.8,5,2024,8,23,34.8,8,2024,8,23,18.2,8,1990,12,1,1982,2024-12-15
31366,青森県,鰺ケ沢（アジガサワ）,,2024,12,15,14,0,4.1,4,12,56,4,-0.7,1.5,12.0,3.0,,,0,33.6,5,2024,8,23,36.9,8,2023,8,10,17.8,8,2018,12,4,1976,2024-12-15
31386,青森県,青森大谷（アオモリオオタニ）,,2024,12,15,14,0,1.5,4,10,32,4,-1.0,2.9,12.0,3.0,,,0,31.4,5,2024,8,3,35.7,8,2023,8,10,17.2,8,2018,12,4,2003,2024-12-15
31436,青森県,深浦（フカウラ）,47574.0,2024,12,15,14,0,4.1,4,13,7,4,-0.8,1.8,12.0,3.0,,,0,31.8,5,2024,8,16,37.9,8,1978,8,3,19.7,8,2010,12,3,1940,2024-12-15
31461,青森県,弘前（ヒロサキ）,,2024,12,15,14,0,3.0,4,10,45,4,-1.2,1.1,12.0,3.0,,,0,34.0,5,2024,8,24,39.3,8,2023,8,10,18.0,8,2018,12,4,1976,2024-12-15
31466,青森県,黒石（クロイシ）,,2024,12,15,14,0,2.7,4,10,19,4,-1.0,2.2,12.0,3.0,,,0,32.7,5,2024,8,3,36.4,8,2023,8,10,16.6,8,2018,12,4,1976,2024-12-15
31482,青森県,酸ケ湯（スカユ）,,2024,12,15,14,0,-3.3,4,12,57,4,-0.9,3.2,12.0,3.0,,,0,26.4,5,2024,8,3,30.8,8,1978,8,3,12.0,8,2018,12,4,1976,2024-12-15
31506,青森県,三沢（ミサワ）,,2024,12,15,14,0,4.7,4,11,24,4,0.0,3.0,12.0,2.0,,,0,34.4,5,2024,7,22,37.0,8,2023,8,5,18.7,8,2018,12,4,1976,2024-12-15
31586,青森県,十和田（トワダ）,,2024,12,15,14,0,4.1,4,10,36,4,-0.3,2.8,12.0,2.0,,,0,32.4,5,2024,7,21,35.8,8,2004,7,31,19.3,8,2018,12,4,1976,2024-12-15
31602,青森県,八戸（ハチノヘ）,47581.0,2024,12,15,14,0,5.3,4,11,37,4,0.1,3.4,12.0,2.0,,,0,34.7,5,2024,7,21,37.0,8,1978,8,3,19.7,8,1990,12,1,1936,2024-12-15
31646,青森県,碇ケ関（イカリガセキ）,,2024,12,15,14,0,1.3,4,10,18,4,-1.5,1.3,12.0,3.0,,,0,33.0,5,2024,8,30,37.9,8,1999,8,10,15.8,8,2008,12,5,1976,2024-12-15
31662,青森県,休屋（ヤスミヤ）,,2024,12,15,14,0,0.3,4,9,44,4,-1.0,1.8,12.0,3.0,,,0,31.1,5,2024,8,3,33.7,8,2021,8,7,14.5,8,2018,12,4,1982,2024-12-15
31721,青森県,三戸（サンノヘ）,,2024,12,15,14,0,4.1,4,10,4,4,-0.7,1.4,12.0,3.0,,,0,35.3,5,2024,8,3,37.7,8,1999,7,27,18.7,8,1990,12,1,1976,2024-12-15
32056,秋田県,八森（ハチモリ）,,2024,12,15,14,0,5.3,4,13,59,4,-0.5,1.2,12.0,3.0,,,0,32.8,5,2024,8,10,37.4,8,1978,8,3,18.7,8,1990,12,1,1976,2024-12-15
32111,秋田県,能代（ノシロ）,,2024,12,15,14,0,4.6,4,13,59,4,-0.9,1.7,12.0,3.0,,,0,33.8,5,2024,8,16,39.1,8,1978,8,3,16.1,8,2018,12,4,1976,2024-12-15
32126,秋田県,鷹巣（タカノス）,,2024,12,15,14,0,1.7,4,10,42,4,-2.4,0.4,1.0,1.0,,,0,35.0,5,2024,8,16,38.9,8,2023,8,8,16.0,8,2004,12,4,1976,2024-12-15
32136,秋田県,大館（オオダテ）,,2024,12,15,14,0,1.4,4,12,18,4,-2.4,-0.2,1.0,2.0,,,0,35.0,5,2024,8,4,38.8,8,2023,8,23,16.2,8,2004,12,4,1976,2024-12-15
32146,秋田県,鹿角（カヅノ）,,2024,12,15,14,0,1.8,4,11,24,4,-1.0,1.7,12.0,3.0,,,0,33.2,5,2024,8,16,37.0,8,2000,7,31,17.3,8,2014,12,1,1976,2024-12-15
32181,秋田県,脇神（ワキガミ）,,2024,12,15,14,0,1.4,4,10,38,4,-2.0,0.6,1.0,1.0,,,0,34.2,5,2024,8,16,37.3,8,2019,8,15,15.4,8,2004,12,4,2003,2024-12-15
32206,秋田県,湯瀬（ユゼ）,,2024,12,15,14,0,2.0,4,10,37,4,-0.5,2.3,12.0,3.0,,,0,33.5,5,2024,8,7,36.0,8,2000,7,31,15.8,8,1990,12,1,1976,2024-12-15
32266,秋田県,八幡平（ハチマンタイ）,,2024,12,15,14,0,-0.9,4,10,14,4,-1.4,2.3,12.0,3.0,,,0,30.4,5,2024,8,16,32.8,8,2007,8,14,14.3,8,2018,12,4,1978,2024-12-15
32286,秋田県,男鹿（オガ）,,2024,12,15,14,0,4.0,4,13,42,4,-1.6,1.0,12.0,3.0,,,0,34.4,5,2024,8,16,35.6,8,2000,7,31,16.6,8,1990,12,1,1976,2024-12-15
32287,秋田県,大潟（オオガタ）,,2024,12,15,14,0,5.5,4,13,47,4,-0.2,1.4,12.0,2.0,,,0,34.0,5,2024,8,30,38.1,8,1978,8,3,17.1,8,2010,12,3,1977,2024-12-15
32296,秋田県,五城目（ゴジョウメ）,,2024,12,15,14,0,3.2,4,14,0,4,-2.0,1.7,1.0,1.0,,,0,35.1,5,2024,8,30,38.1,8,2020,9,3,18.6,8,2010,12,3,1976,2024-12-15
32311,秋田県,阿仁合（アニアイ）,,2024,12,15,14,0,1.3,4,13,36,4,-2.1,1.2,1.0,1.0,,,0,34.2,5,2024,8,16,37.1,8,1978,8,3,18.2,8,1990,12,1,1976,2024-12-15
32402,秋田県,秋田（アキタ）,47582.0,2024,12,15,14,0,4.9,4,7,33,4,-0.8,1.7,12.0,3.0,,,0,35.8,5,2024,8,16,38.5,8,2023,8,23,21.4,8,1890,12,4,1882,2024-12-15
32407,秋田県,岩見三内（イワミサンナイ）,,2024,12,15,14,0,1.2,4,10,4,4,-3.0,-0.3,99.0,0.0,,,0,34.6,5,2024,8,10,37.7,8,2000,7,31,18.6,8,1990,12,1,1976,2024-12-15
32451,秋田県,雄和（ユウワ）,,2024,12,15,14,0,2.8,4,6,25,4,-1.4,2.1,12.0,3.0,,,0,34.2,5,2024,8,16,37.2,8,2023,8,23,14.9,8,2010,12,3,2003,2024-12-15
32466,秋田県,角館（カクノダテ）,,2024,12,15,14,0,0.4,4,14,0,4,-3.4,-1.4,99.0,0.0,,,0,35.1,5,2024,8,23,37.8,8,2000,7,31,17.8,8,1990,12,1,1976,2024-12-15
32476,秋田県,田沢湖（タザワコ）,,2024,12,15,14,0,0.0,4,11,4,4,-2.8,0.0,99.0,0.0,,,0,33.1,5,2024,8,4,36.5,8,2018,8,23,15.4,8,1990,12,1,1976,2024-12-15
32496,秋田県,大正寺（ダイショウジ）,,2024,12,15,14,0,3.7,4,6,5,4,-0.6,2.2,12.0,3.0,,,0,33.3,5,2024,8,23,37.2,8,1978,8,3,17.4,8,1990,12,1,1976,2024-12-15
32551,秋田県,大曲（オオマガリ）,,2024,12,15,14,0,1.1,4,12,2,4,-2.6,0.6,99.0,0.0,,,0,34.8,5,2024,8,27,37.6,8,2000,7,31,17.6,8,1990,12,1,1976,2024-12-15
32571,秋田県,本荘（ホンジョウ）,,2024,12,15,14,0,6.1,4,12,54,4,-0.5,1.8,12.0,2.0,,,0,35.1,5,2024,8,16,37.8,8,2018,8,23,18.6,8,2018,12,4,1976,2024-12-15
32581,秋田県,東由利（ヒガシユリ）,,2024,12,15,14,0,2.9,4,13,55,4,-1.6,2.0,1.0,1.0,,,0,35.9,5,2024,8,23,38.0,8,2000,7,31,17.4,8,2018,12,4,1976,2024-12-15
32596,秋田県,横手（ヨコテ）,,2024,12,15,14,0,3.3,4,11,33,4,-0.6,2.5,12.0,3.0,,,0,36.4,5,2024,8,23,39.2,8,2023,8,31,18.4,8,1990,12,1,1976,2024-12-15
32616,秋田県,にかほ（ニカホ）,,2024,12,15,14,0,7.5,4,12,45,4,-0.6,1.9,12.0,3.0,,,0,33.9,5,2024,8,30,38.2,8,2020,9,3,21.7,8,2010,12,3,1976,2024-12-15
32626,秋田県,矢島（ヤシマ）,,2024,12,15,14,0,4.3,4,12,59,4,-1.1,1.7,12.0,3.0,,,0,34.2,5,2024,8,23,37.7,8,2000,7,31,19.9,8,2018,12,4,1976,2024-12-15
32691,秋田県,湯沢（ユザワ）,,2024,12,15,14,0,2.3,4,11,59,4,-1.6,1.4,12.0,3.0,,,0,34.7,5,2024,8,23,36.8,8,2015,7,13,17.3,8,1990,12,1,1976,2024-12-15
32771,秋田県,湯の岱（ユノタイ）,,2024,12,15,14,0,1.5,4,12,9,4,-1.4,1.7,12.0,3.0,,,0,31.6,5,2024,8,4,35.3,8,1999,7,27,17.3,8,2018,12,4,1976,2024-12-15
33006,岩手県,種市（タネイチ）,,2024,12,15,14,0,5.0,4,10,49,4,0.0,3.0,12.0,2.0,,,0,34.1,5,2024,8,24,35.4,8,2015,8,5,19.6,8,1990,12,1,1976,2024-12-15
33026,岩手県,軽米（カルマイ）,,2024,12,15,14,0,3.9,4,11,5,4,-0.1,2.2,12.0,2.0,,,0,34.6,5,2024,8,24,36.2,8,2018,8,23,18.4,8,1990,12,1,1976,2024-12-15
33071,岩手県,二戸（ニノヘ）,,2024,12,15,14,0,2.3,4,11,3,4,-1.8,0.9,1.0,1.0,,,0,33.2,5,2024,8,24,35.8,8,1994,8,10,18.7,8,1990,12,1,1976,2024-12-15
33136,岩手県,山形（ヤマガタ）,,2024,12,15,14,0,3.3,4,11,34,4,-0.5,3.0,12.0,3.0,,,0,33.8,5,2024,7,21,36.4,8,2018,8,23,20.4,8,2018,12,4,1977,2024-12-15
33146,岩手県,久慈（クジ）,,2024,12,15,14,0,5.8,4,10,38,4,-0.4,2.3,12.0,2.0,,,0,35.4,5,2024,8,23,36.4,8,2023,8,3,21.5,8,2018,12,4,1976,2024-12-15
33166,岩手県,荒屋（アラヤ）,,2024,12,15,14,0,0.1,4,10,2,4,-2.4,0.2,1.0,2.0,,,0,33.1,5,2024,8,4,35.0,8,2018,8,23,16.2,8,1990,12,1,1976,2024-12-15
33176,岩手県,奥中山（オクナカヤマ）,,2024,12,15,14,0,-0.2,4,10,7,4,-1.6,0.8,12.0,3.0,,,0,31.7,5,2024,8,7,33.5,8,2018,8,23,15.1,8,1990,12,1,1977,2024-12-15
33186,岩手県,葛巻（クズマキ）,,2024,12,15,14,0,2.0,4,9,43,4,-0.5,1.8,12.0,3.0,,,0,31.5,5,2024,8,3,34.7,8,2007,8,12,16.9,8,2018,12,4,1976,2024-12-15
33206,岩手県,普代（フダイ）,,2024,12,15,14,0,5.5,4,11,28,4,-1.4,0.6,12.0,3.0,,,0,35.0,5,2024,7,22,37.7,8,1978,8,3,22.8,8,2018,12,4,1976,2024-12-15
33226,岩手県,岩手松尾（イワテマツオ）,,2024,12,15,14,0,0.7,4,9,0,4,-2.4,-0.7,1.0,2.0,,,0,33.9,5,2024,8,7,35.7,8,2023,8,5,16.9,8,1990,12,1,1976,2024-12-15
33296,岩手県,好摩（コウマ）,,2024,12,15,14,0,1.2,4,9,49,4,-2.6,-1.3,99.0,0.0,,,0,35.1,5,2024,8,7,36.0,8,1999,7,27,15.7,8,1990,12,1,1976,2024-12-15
33326,岩手県,岩泉（イワイズミ）,,2024,12,15,14,0,4.5,4,12,30,4,-1.5,0.7,12.0,3.0,,,0,35.0,5,2024,8,23,38.5,8,1994,8,12,22.0,8,2018,12,4,1976,2024-12-15
33336,岩手県,小本（オモト）,,2024,12,15,14,0,5.1,4,12,45,4,-2.2,-0.2,1.0,1.0,,,0,35.4,5,2024,9,11,36.9,8,2023,7,31,20.3,8,1990,12,1,1977,2024-12-15
33371,岩手県,薮川（ヤブカワ）,,2024,12,15,14,0,-1.9,4,9,21,4,-2.3,1.0,1.0,1.0,,,0,31.4,5,2024,8,15,31.8,8,2018,8,23,13.5,8,2018,12,4,1976,2024-12-15
33421,岩手県,雫石（シズクイシ）,,2024,12,15,14,0,0.6,4,10,13,4,-2.7,-1.3,99.0,0.0,,,0,33.7,5,2024,8,3,35.8,4,1978,8,2,14.7,8,1990,12,1,1976,2024-12-15
33431,岩手県,盛岡（モリオカ）,47584.0,2024,12,15,14,0,0.5,4,13,59,4,-3.8,-2.8,99.0,0.0,,,0,35.2,5,2024,8,4,37.2,8,1924,7,12,17.9,8,1990,12,1,1923,2024-12-15
33441,岩手県,区界（クザカイ）,,2024,12,15,14,0,-2.2,4,14,0,4,-2.3,0.9,1.0,1.0,,,0,29.2,5,2024,8,4,31.6,8,2018,8,23,14.0,8,2018,12,4,1993,2024-12-15
33472,岩手県,宮古（ミヤコ）,47585.0,2024,12,15,14,0,5.5,4,12,3,4,-2.1,0.0,1.0,1.0,,,0,35.0,5,2024,8,24,37.3,8,1933,7,23,23.2,8,1929,12,17,1883,2024-12-15
33486,岩手県,沢内（サワウチ）,,2024,12,15,14,0,0.1,4,13,42,4,,-0.2,,,,,0,32.0,5,2024,8,6,34.1,8,2018,8,23,13.5,8,2018,12,3,2017,2024-12-15
33501,岩手県,紫波（シワ）,,2024,12,15,14,0,0.9,4,12,45,4,-3.1,-2.2,99.0,0.0,,,0,34.4,5,2024,8,7,36.3,8,2007,8,14,17.9,8,1990,12,1,1976,2024-12-15
33526,岩手県,川井（カワイ）,,2024,12,15,14,0,3.3,4,13,18,4,-2.2,-0.5,1.0,1.0,,,0,34.6,5,2024,8,3,37.5,8,2007,8,13,20.9,8,2018,12,4,1977,2024-12-15
33576,岩手県,花巻（ハナマキ）,,2024,12,15,14,0,3.3,4,13,4,4,-1.4,-1.5,12.0,3.0,,,0,34.7,5,2024,8,7,36.6,8,2015,7,22,17.3,8,2004,12,5,2003,2024-12-15
33581,岩手県,大迫（オオハサマ）,,2024,12,15,14,0,2.9,4,12,30,4,-1.4,-0.8,12.0,3.0,,,0,34.3,5,2024,8,4,36.4,8,2018,8,23,17.5,8,1990,12,1,1976,2024-12-15
33616,岩手県,山田（ヤマダ）,,2024,12,15,14,0,8.1,4,13,37,4,-0.3,2.6,12.0,2.0,,,0,36.0,5,2024,7,22,37.5,8,2015,7,14,24.6,8,2018,12,4,1976,2024-12-15
33631,岩手県,湯田（ユダ）,,2024,12,15,14,0,2.5,4,11,37,4,0.0,3.0,12.0,2.0,,,0,32.9,5,2024,8,23,34.9,8,2018,8,23,15.9,8,1990,12,1,1976,2024-12-15
33671,岩手県,遠野（トオノ）,,2024,12,15,14,0,2.7,4,12,33,4,-1.4,-0.1,12.0,3.0,,,0,33.0,5,2024,8,4,36.5,8,2007,8,14,17.6,8,1990,12,1,1976,2024-12-15
33716,岩手県,北上（キタカミ）,,2024,12,15,14,0,3.3,4,12,58,4,-1.4,-1.2,12.0,3.0,,,0,35.7,5,2024,8,9,37.0,8,2019,8,8,18.4,8,1990,12,1,1976,2024-12-15
33751,岩手県,釜石（カマイシ）,,2024,12,15,14,0,8.6,4,13,27,4,0.6,1.9,12.0,2.0,,,0,36.4,5,2024,9,11,38.8,8,1994,8,14,23.0,8,2018,12,4,1976,2024-12-15
33776,岩手県,若柳（ワカヤナギ）,,2024,12,15,14,0,3.0,4,12,59,4,-1.4,0.4,12.0,3.0,,,0,34.2,5,2024,8,9,36.9,8,2015,8,5,19.3,8,2004,12,5,1976,2024-12-15
33781,岩手県,江刺（エサシ）,,2024,12,15,14,0,4.7,4,13,2,4,-0.1,-0.7,12.0,2.0,,,0,35.7,5,2024,8,9,37.3,8,2021,7,19,20.0,8,1990,12,1,1976,2024-12-15
33801,岩手県,住田（スミタ）,,2024,12,15,14,0,6.5,4,13,18,4,0.6,1.5,12.0,2.0,,,0,34.2,5,2024,7,23,36.7,8,2020,8,11,20.0,8,1990,12,1,1977,2024-12-15
33877,岩手県,大船渡（オオフナト）,47512.0,2024,12,15,14,0,7.3,4,13,6,4,0.0,2.0,12.0,2.0,,,0,34.4,5,2024,7,23,37.0,8,2023,7,30,21.2,8,1990,12,1,1963,2024-12-15
33911,岩手県,一関（イチノセキ）,,2024,12,15,14,0,5.4,4,12,49,4,-0.6,0.3,12.0,2.0,,,0,36.6,5,2024,7,23,38.2,8,1994,8,9,21.4,8,1990,12,1,1976,2024-12-15
33921,岩手県,千厩（センマヤ）,,2024,12,15,14,0,6.9,4,13,15,4,1.2,3.2,12.0,1.0,,,0,34.6,5,2024,8,5,36.4,8,2019,8,6,20.6,8,1990,12,1,1976,2024-12-15
34012,宮城県,駒ノ湯（コマノユ）,,2024,12,15,14,0,-0.3,4,13,52,4,-3.1,-0.1,99.0,0.0,,,0,30.9,5,2024,8,11,33.3,8,1994,8,14,15.7,8,2004,12,5,1976,2024-12-15
34026,宮城県,気仙沼（ケセンヌマ）,,2024,12,15,14,0,8.8,4,13,32,4,2.1,3.2,12.0,1.0,,,0,34.5,5,2024,7,23,36.7,8,2015,7,14,20.5,8,1990,12,1,1976,2024-12-15
34096,宮城県,川渡（カワタビ）,,2024,12,15,14,0,3.0,4,12,18,4,-2.3,-0.5,1.0,1.0,,,0,34.5,5,2024,8,17,36.5,8,1994,8,14,18.8,8,1990,12,1,1976,2024-12-15
34111,宮城県,築館（ツキダテ）,,2024,12,15,14,0,7.2,4,12,18,4,0.7,2.0,12.0,2.0,,,0,35.1,5,2024,8,24,37.3,8,1994,8,14,19.8,8,1990,12,1,1976,2024-12-15
34171,宮城県,米山（ヨネヤマ）,,2024,12,15,14,0,8.7,4,12,26,4,1.8,3.2,12.0,1.0,,,0,35.4,5,2024,7,23,37.1,8,2023,7,29,20.3,8,1990,12,1,1976,2024-12-15
34186,宮城県,志津川（シヅガワ）,,2024,12,15,14,0,9.2,4,12,52,4,1.5,3.2,12.0,1.0,,,0,35.6,5,2024,7,23,38.0,8,1994,8,14,20.5,8,1990,12,1,1976,2024-12-15
34216,宮城県,古川（フルカワ）,,2024,12,15,14,0,7.5,4,11,56,4,1.2,1.5,12.0,1.0,,,0,34.5,5,2024,8,24,36.5,8,2021,8,4,20.5,8,1990,12,1,1976,2024-12-15
34266,宮城県,大衡（オオヒラ）,,2024,12,15,14,0,7.4,4,12,29,4,0.6,2.3,12.0,2.0,,,0,35.0,5,2024,7,23,37.1,8,1994,8,14,21.6,8,1990,12,1,1976,2024-12-15
34276,宮城県,鹿島台（カシマダイ）,,2024,12,15,14,0,8.9,4,13,57,4,1.9,2.6,12.0,1.0,,,0,34.4,5,2024,8,17,36.4,8,2023,7,30,21.1,8,1990,12,1,1976,2024-12-15
34292,宮城県,石巻（イシノマキ）,47592.0,2024,12,15,14,0,10.0,4,13,38,4,2.9,4.5,12.0,1.0,,,0,34.5,5,2024,7,22,36.8,8,2007,8,15,21.9,8,1990,12,1,1887,2024-12-15
34296,宮城県,女川（オナガワ）,,2024,12,15,14,0,9.8,4,12,40,4,2.6,3.9,12.0,1.0,,,0,34.7,5,2024,7,22,36.9,8,2023,8,28,17.3,8,2018,12,4,2011,2024-12-15
34311,宮城県,新川（ニッカワ）,,2024,12,15,14,0,4.6,4,13,42,4,-1.0,1.6,12.0,3.0,,,0,33.8,5,2024,8,24,35.4,8,2023,7,30,18.7,8,1990,12,1,1976,2024-12-15
34331,宮城県,塩釜（シオガマ）,,2024,12,15,14,0,8.1,4,13,57,4,1.2,3.2,12.0,1.0,,,0,35.2,5,2024,7,22,35.8,8,2022,8,9,20.7,8,1990,12,1,1976,2024-12-15
34392,宮城県,仙台（センダイ）,47590.0,2024,12,15,14,0,8.3,4,11,57,4,0.1,1.9,12.0,2.0,,,0,36.2,5,2024,7,22,37.3,8,2018,8,1,21.8,8,1990,12,1,1926,2024-12-15
34436,宮城県,名取（ナトリ）,,2024,12,15,14,0,9.0,4,11,55,4,0.3,1.6,12.0,2.0,,,0,36.1,5,2024,7,22,37.3,8,2018,7,22,21.3,8,2004,12,5,2003,2024-12-15
34461,宮城県,白石（シロイシ）,,2024,12,15,14,0,7.2,4,13,46,4,-0.7,0.0,12.0,3.0,,,0,35.7,5,2024,8,24,36.9,8,2023,7,30,19.5,8,2004,12,5,1976,2024-12-15
34462,宮城県,蔵王（ザオウ）,,2024,12,15,14,0,6.3,4,10,39,4,-1.3,0.6,12.0,3.0,,,0,36.1,5,2024,7,23,37.0,8,2015,8,6,19.2,8,2018,12,4,2005,2024-12-15
34471,宮城県,亘理（ワタリ）,,2024,12,15,14,0,9.5,4,13,49,4,0.8,2.5,12.0,1.0,,,0,35.2,5,2024,7,23,36.1,8,1987,7,24,20.8,8,2004,12,5,1976,2024-12-15
34506,宮城県,丸森（マルモリ）,,2024,12,15,14,0,10.2,4,13,33,4,1.5,2.4,12.0,1.0,,,0,36.5,5,2024,8,24,37.6,8,2015,7,14,20.8,8,1990,12,1,1977,2024-12-15
35002,山形県,飛島（トビシマ）,,2024,12,15,14,0,7.0,4,12,12,4,-0.5,1.7,12.0,2.0,,,0,32.9,5,2024,8,23,36.0,8,2023,8,23,18.5,8,1990,12,1,1978,2024-12-15
35052,山形県,酒田（サカタ）,47587.0,2024,12,15,14,0,7.3,4,13,14,4,-0.1,2.2,12.0,2.0,,,0,35.9,5,2024,8,23,40.1,8,1978,8,3,19.0,8,1990,12,1,1937,2024-12-15
35071,山形県,差首鍋（サスナベ）,,2024,12,15,14,0,1.5,4,11,15,4,-2.4,-2.1,99.0,0.0,,,0,34.5,5,2024,8,23,36.1,8,1994,8,16,18.2,8,1990,12,1,1976,2024-12-15
35086,山形県,浜中（ハマナカ）,,2024,12,15,14,0,7.6,4,13,12,4,0.3,2.4,12.0,2.0,,,0,35.2,5,2024,8,23,38.9,8,2023,8,23,18.1,8,2023,12,9,2003,2024-12-15
35116,山形県,金山（カネヤマ）,,2024,12,15,14,0,2.3,4,11,40,4,-1.2,-1.4,12.0,3.0,,,0,34.7,5,2024,8,23,36.8,8,2018,8,23,19.6,8,1990,12,1,1976,2024-12-15
35141,山形県,鶴岡（ツルオカ）,,2024,12,15,14,0,6.5,4,13,49,4,-0.8,2.1,12.0,3.0,,,0,37.0,5,2024,8,23,39.9,8,1978,8,3,19.5,8,1982,12,11,1976,2024-12-15
35146,山形県,狩川（カリカワ）,,2024,12,15,14,0,5.0,4,10,56,4,-0.8,1.8,12.0,3.0,,,0,34.6,5,2024,8,23,37.6,8,1978,8,3,18.0,8,1982,12,11,1976,2024-12-15
35162,山形県,新庄（シンジョウ）,47520.0,2024,12,15,14,0,2.3,4,10,49,4,-1.9,-2.0,1.0,1.0,,,0,35.8,5,2024,8,23,37.8,8,2023,8,24,19.0,8,1990,12,1,1957,2024-12-15
35176,山形県,向町（ムカイマチ）,,2024,12,15,14,0,1.7,4,11,27,4,-2.4,-1.4,1.0,1.0,,,0,34.7,5,2024,8,23,36.0,8,2007,8,14,16.8,8,1990,12,1,1976,2024-12-15
35216,山形県,肘折（ヒジオリ）,,2024,12,15,14,0,2.9,4,10,51,4,-0.7,2.2,12.0,3.0,,,0,31.1,5,2024,8,23,35.3,8,1994,8,13,17.7,8,1990,12,1,1976,2024-12-15
35231,山形県,尾花沢（オバナザワ）,,2024,12,15,14,0,2.9,4,11,38,4,-1.1,0.9,12.0,3.0,,,0,35.1,5,2024,8,23,36.2,8,2014,7,26,18.7,8,1990,12,1,1976,2024-12-15
35246,山形県,鼠ケ関（ネズガセキ）,,2024,12,15,14,0,8.4,4,13,17,4,0.2,2.0,12.0,2.0,,,0,35.6,5,2024,8,23,40.4,8,2019,8,15,20.7,8,2018,12,4,1976,2024-12-15
35332,山形県,村山（ムラヤマ）,,2024,12,15,14,0,3.3,4,10,56,4,-1.5,0.7,12.0,3.0,,,0,35.9,5,2024,8,23,36.9,8,2015,7,22,17.8,8,2004,12,5,2002,2024-12-15
35334,山形県,東根（ヒガシネ）,,2024,12,15,14,0,3.9,4,11,53,4,-1.2,1.2,12.0,3.0,,,0,36.0,5,2024,8,23,37.0,8,2018,6,29,18.0,8,2010,12,6,2003,2024-12-15
35361,山形県,大井沢（オオイサワ）,,2024,12,15,14,0,1.1,4,13,22,4,-2.4,1.0,1.0,1.0,,,0,33.3,5,2024,8,23,35.0,8,1994,8,13,16.0,8,2018,12,4,1978,2024-12-15
35376,山形県,左沢（アテラザワ）,,2024,12,15,14,0,1.3,4,12,38,4,-3.5,-0.9,99.0,0.0,,,0,34.7,5,2024,8,23,36.7,8,1985,8,8,19.0,8,1990,12,1,1976,2024-12-15
35426,山形県,山形（ヤマガタ）,47588.0,2024,12,15,14,0,4.3,4,10,33,4,-1.6,1.0,12.0,3.0,,,0,37.0,5,2024,8,23,40.8,8,1933,7,25,20.6,8,1890,12,9,1889,2024-12-15
35456,山形県,長井（ナガイ）,,2024,12,15,14,0,2.3,4,14,0,4,-2.9,-1.6,1.0,2.0,,,0,35.8,5,2024,8,23,36.9,8,1978,8,2,17.3,8,2004,12,4,1976,2024-12-15
35486,山形県,小国（オグニ）,,2024,12,15,14,0,4.4,4,12,40,4,-1.0,0.7,12.0,3.0,,,0,35.9,5,2024,8,23,38.0,8,1994,8,16,18.1,8,1990,12,1,1976,2024-12-15
35511,山形県,高畠（タカハタ）,,2024,12,15,14,0,3.4,4,13,9,4,-1.9,-1.5,12.0,3.0,,,0,35.3,5,2024,8,23,38.1,8,2018,8,22,19.0,8,1990,12,1,1976,2024-12-15
35541,山形県,高峰（タカミネ）,,2024,12,15,14,0,2.0,4,13,9,4,-2.7,-0.4,1.0,2.0,,,0,34.9,5,2024,8,23,37.9,8,2018,8,23,17.2,8,1982,12,5,1976,2024-12-15
35552,山形県,米沢（ヨネザワ）,,2024,12,15,14,0,5.0,4,11,26,4,-0.5,2.0,12.0,2.0,,,0,36.0,5,2024,8,4,37.7,8,2018,8,23,17.8,8,1982,12,5,1976,2024-12-15
36056,福島県,茂庭（モニワ）,,2024,12,15,14,0,5.8,4,13,29,4,-0.7,0.7,12.0,3.0,,,0,33.9,5,2024,8,4,36.3,8,1994,8,8,18.3,8,2004,12,5,1992,2024-12-15
36066,福島県,梁川（ヤナガワ）,,2024,12,15,14,0,10.1,4,12,1,4,1.5,2.5,12.0,1.0,,,0,37.3,5,2024,8,24,40.0,8,2023,8,5,20.9,8,1990,12,1,1976,2024-12-15
36106,福島県,桧原（ヒバラ）,,2024,12,15,14,0,-1.2,4,14,0,4,-3.4,-0.3,99.0,0.0,,,0,29.7,5,2024,8,23,32.0,8,1985,8,15,16.6,8,2018,12,4,1978,2024-12-15
36127,福島県,福島（フクシマ）,47595.0,2024,12,15,14,0,8.6,4,11,47,4,0.1,2.6,12.0,2.0,,,0,36.6,5,2024,7,7,39.1,8,2023,8,5,22.4,8,1953,12,2,1889,2024-12-15
36151,福島県,相馬（ソウマ）,,2024,12,15,14,0,11.4,4,12,55,4,2.0,3.3,12.0,1.0,,,0,36.5,5,2024,7,7,37.6,8,2018,8,23,23.0,8,2004,12,5,1976,2024-12-15
36176,福島県,喜多方（キタカタ）,,2024,12,15,14,0,1.8,4,11,42,4,-3.4,-3.8,99.0,0.0,,,0,35.7,5,2024,8,23,38.0,8,1994,8,16,19.7,8,1990,12,1,1976,2024-12-15
36196,福島県,鷲倉（ワシクラ）,,2024,12,15,14,0,-3.8,4,14,0,4,-3.0,-1.1,1.0,2.0,,,0,27.2,5,2024,8,23,29.4,4,2021,8,6,15.3,8,2018,12,4,1976,2024-12-15
36221,福島県,飯舘（イイタテ）,,2024,12,15,14,0,6.2,4,12,56,4,-0.2,2.6,12.0,2.0,,,0,33.2,5,2024,7,23,36.0,8,2014,8,5,21.3,8,2018,12,4,1976,2024-12-15
36251,福島県,西会津（ニシアイヅ）,,2024,12,15,14,0,2.8,4,11,20,4,-2.5,-2.0,1.0,1.0,,,0,34.9,5,2024,8,23,36.9,8,1994,8,14,19.7,8,1990,12,1,1976,2024-12-15
36276,福島県,猪苗代（イナワシロ）,,2024,12,15,14,0,3.2,4,12,19,4,-0.8,1.3,12.0,3.0,,,0,32.8,5,2024,8,4,34.2,8,1994,8,15,17.3,8,1990,12,1,1976,2024-12-15
36291,福島県,二本松（ニホンマツ）,,2024,12,15,14,0,8.6,4,12,40,4,0.6,1.2,12.0,2.0,,,0,36.1,5,2024,7,23,38.0,8,2020,8,11,19.5,8,2023,12,10,1976,2024-12-15
36342,福島県,金山（カネヤマ）,,2024,12,15,14,0,3.0,4,12,23,4,-1.4,-0.5,12.0,3.0,,,0,33.8,5,2024,8,23,35.5,8,2012,8,2,15.6,8,2018,12,4,2007,2024-12-15
36361,福島県,若松（ワカマツ）,47570.0,2024,12,15,14,0,5.5,4,11,48,4,-0.1,-0.6,12.0,2.0,,,0,36.7,5,2024,8,23,38.5,8,2018,8,23,20.9,8,1990,12,1,1953,2024-12-15
36391,福島県,船引（フネヒキ）,,2024,12,15,14,0,7.0,4,12,26,4,0.7,2.0,12.0,2.0,,,0,34.5,5,2024,8,4,35.7,8,2020,8,11,18.1,8,2018,12,4,1976,2024-12-15
36411,福島県,浪江（ナミエ）,,2024,12,15,14,0,11.8,4,12,50,4,1.7,3.4,12.0,1.0,,,0,38.8,5,2024,7,7,38.8,8,2024,7,7,21.6,8,1990,12,1,1976,2024-12-15
36426,福島県,只見（タダミ）,,2024,12,15,14,0,4.5,4,12,54,4,-0.5,2.5,12.0,2.0,,,0,34.6,5,2024,8,23,36.5,8,2023,8,31,18.8,8,2018,12,4,1976,2024-12-15
36476,福島県,郡山（コオリヤマ）,,2024,12,15,14,0,9.7,4,13,41,4,2.3,4.0,12.0,1.0,,,0,35.1,5,2024,8,4,36.6,8,2023,8,5,18.7,8,2018,12,4,1976,2024-12-15
36501,福島県,川内（カワウチ）,,2024,12,15,14,0,8.6,4,13,37,4,1.3,2.9,12.0,1.0,,,0,36.7,5,2024,7,7,36.7,8,2024,7,7,20.3,8,2018,12,4,1976,2024-12-15
36536,福島県,南郷（ナンゴウ）,,2024,12,15,14,0,4.1,4,13,3,4,-0.1,3.5,12.0,2.0,,,0,34.1,5,2024,8,4,36.6,8,1994,8,16,19.2,8,2018,12,4,1976,2024-12-15
36562,福島県,湯本（ユモト）,,2024,12,15,14,0,5.2,4,12,26,4,0.8,2.7,12.0,2.0,,,0,32.1,5,2024,7,23,34.4,8,1994,8,8,18.6,8,2018,12,4,1988,2024-12-15
36581,福島県,玉川（タマカワ）,,2024,12,15,14,0,8.1,4,12,54,4,1.1,2.8,12.0,1.0,,,0,34.7,5,2024,7,7,35.5,8,2014,8,6,19.1,8,2004,12,5,2003,2024-12-15
36591,福島県,小野新町（オノニイマチ）,,2024,12,15,14,0,9.4,4,13,38,4,2.6,4.6,12.0,1.0,,,0,35.5,5,2024,7,7,36.0,8,2020,8,11,18.0,8,2004,12,5,1976,2024-12-15
36611,福島県,広野（ヒロノ）,,2024,12,15,14,0,12.5,4,12,45,4,1.8,2.6,12.0,1.0,,,0,37.3,5,2024,7,22,37.3,8,2024,7,22,23.0,8,1990,12,1,1976,2024-12-15
36641,福島県,田島（タジマ）,,2024,12,15,14,0,4.4,4,13,13,4,-0.4,2.1,12.0,2.0,,,0,33.0,5,2024,8,3,35.0,8,2018,7,20,18.4,8,2019,12,2,1976,2024-12-15
36667,福島県,白河（シラカワ）,47597.0,2024,12,15,14,0,7.8,4,12,51,4,0.0,1.4,12.0,2.0,,,0,36.0,5,2024,7,7,36.0,8,2024,7,7,20.7,8,2004,12,5,1940,2024-12-15
36676,福島県,石川（イシカワ）,,2024,12,15,14,0,10.1,4,13,44,4,2.0,2.9,12.0,1.0,,,0,37.8,5,2024,7,7,37.8,8,2024,7,7,20.7,8,2004,12,5,1976,2024-12-15
36716,福島県,桧枝岐（ヒノエマタ）,,2024,12,15,14,0,1.9,4,11,36,4,-1.1,2.8,12.0,3.0,,,0,31.1,5,2024,7,7,32.5,8,2015,7,14,19.7,8,2018,12,4,1978,2024-12-15
36821,福島県,東白川（ヒガシシラカワ）,,2024,12,15,14,0,10.0,4,13,37,4,1.2,2.0,12.0,1.0,,,0,37.0,5,2024,7,23,37.0,8,2024,7,23,21.7,8,1990,12,1,1976,2024-12-15
36836,福島県,山田（ヤマダ）,,2024,12,15,14,0,12.1,4,12,32,4,1.1,2.3,12.0,1.0,,,0,36.0,5,2024,7,22,36.5,8,2010,9,7,22.2,8,2015,12,11,2009,2024-12-15
36846,福島県,小名浜（オナハマ）,47598.0,2024,12,15,14,0,12.1,4,13,15,4,1.0,1.5,12.0,1.0,,,0,37.2,5,2024,7,30,37.7,8,1994,8,3,25.4,8,2004,12,5,1910,2024-12-15
40046,茨城県,北茨城（キタイバラキ）,,2024,12,15,14,0,11.9,4,13,57,4,1.0,1.1,12.0,1.0,,,0,35.3,5,2024,7,30,35.7,8,1996,8,15,24.3,8,2004,12,5,1978,2024-12-15
40061,茨城県,大子（ダイゴ）,,2024,12,15,14,0,11.5,4,12,47,4,1.1,0.7,12.0,1.0,,,0,38.7,5,2024,7,23,39.0,8,2019,8,9,24.1,8,1990,12,1,1978,2024-12-15
40091,茨城県,常陸大宮（ヒタチオオミヤ）,,2024,12,15,14,0,11.2,4,13,46,4,0.0,0.6,12.0,2.0,,,0,37.3,5,2024,7,22,37.3,8,2024,7,22,24.7,8,2004,12,5,1978,2024-12-15
40136,茨城県,日立（ヒタチ）,,2024,12,15,14,0,11.4,4,14,0,4,-0.1,-0.5,12.0,2.0,,,0,36.4,5,2024,8,11,37.4,8,1997,7,5,24.7,8,2004,12,5,1978,2024-12-15
40191,茨城県,笠間（カサマ）,,2024,12,15,14,0,10.6,4,13,40,4,-0.9,-1.1,12.0,3.0,,,0,37.7,5,2024,7,7,38.2,8,2007,8,15,25.0,8,2004,12,5,1978,2024-12-15
40201,茨城県,水戸（ミト）,47629.0,2024,12,15,14,0,11.6,4,13,49,4,0.2,-0.1,12.0,2.0,,,0,37.7,5,2024,7,24,38.4,8,1997,7,5,25.0,8,2004,12,5,1897,2024-12-15
40221,茨城県,古河（コガ）,,2024,12,15,14,0,10.5,4,13,35,4,-0.9,-0.9,12.0,3.0,,,0,40.0,5,2024,7,29,40.0,8,2024,7,29,25.3,8,2004,12,5,1978,2024-12-15
40231,茨城県,下館（シモダテ）,,2024,12,15,14,0,11.0,4,13,55,4,0.0,-0.9,12.0,2.0,,,0,38.2,5,2024,8,11,38.5,8,2022,7,1,24.4,8,2004,12,5,2001,2024-12-15
40281,茨城県,下妻（シモツマ）,,2024,12,15,14,0,10.3,4,13,32,4,-0.9,-1.1,12.0,3.0,,,0,37.4,5,2024,7,29,37.7,8,2007,8,15,24.7,8,2004,12,5,1978,2024-12-15
40311,茨城県,鉾田（ホコタ）,,2024,12,15,14,0,11.0,4,14,0,4,-0.5,-0.7,12.0,2.0,,,0,37.8,5,2024,8,12,37.8,8,2024,8,12,24.1,8,2004,12,5,1978,2024-12-15
40336,茨城県,つくば（ツクバ）(館野（タテノ）),47646.0,2024,12,15,14,0,11.4,4,14,0,4,-0.1,-0.6,12.0,2.0,,,0,37.4,5,2024,8,11,37.8,8,1996,8,15,24.4,8,2015,12,11,1921,2024-12-15
40341,茨城県,土浦（ツチウラ）,,2024,12,15,14,0,11.6,4,14,0,4,0.0,-0.6,12.0,2.0,,,0,37.9,5,2024,8,11,38.5,8,2007,8,16,25.1,8,2004,12,5,1978,2024-12-15
40406,茨城県,鹿嶋（カシマ）,,2024,12,15,14,0,11.3,4,14,0,4,-0.4,0.5,12.0,2.0,,,0,36.5,5,2024,8,12,37.2,8,2022,8,2,23.8,8,2004,12,5,1978,2024-12-15
40426,茨城県,龍ケ崎（リュウガサキ）,,2024,12,15,14,0,11.9,4,13,41,4,0.2,-0.1,12.0,2.0,,,0,37.3,5,2024,8,11,38.5,8,2007,8,16,24.1,8,2004,12,5,1978,2024-12-15
41011,栃木県,那須高原（ナスコウゲン）,,2024,12,15,14,0,5.0,4,12,9,4,-0.1,2.1,12.0,2.0,,,0,31.7,5,2024,7,7,33.2,8,2023,7,16,17.4,8,2018,12,4,1977,2024-12-15
41076,栃木県,五十里（イカリ）,,2024,12,15,14,0,5.4,4,13,58,4,-0.4,1.8,12.0,2.0,,,0,34.9,5,2024,7,23,35.1,8,2023,7,30,17.8,8,1990,12,1,1977,2024-12-15
41091,栃木県,黒磯（クロイソ）,,2024,12,15,14,0,8.1,4,13,7,4,-0.2,1.7,12.0,2.0,,,0,35.2,5,2024,7,22,35.4,8,2023,7,16,22.0,8,2004,12,5,1977,2024-12-15
41116,栃木県,土呂部（ドロブ）,,2024,12,15,14,0,5.4,4,11,49,4,0.6,2.2,12.0,2.0,,,0,32.7,5,2024,7,29,33.3,8,2018,8,5,20.5,8,2018,12,4,1977,2024-12-15
41141,栃木県,大田原（オオタワラ）,,2024,12,15,14,0,9.6,4,13,30,4,-0.2,0.2,12.0,2.0,,,0,37.2,5,2024,7,22,37.8,8,2023,7,26,22.9,8,1990,12,1,1976,2024-12-15
41166,栃木県,奥日光（オクニッコウ）(日光（ニツコウ）),47690.0,2024,12,15,14,0,2.0,4,13,2,4,-0.7,1.7,12.0,2.0,,,0,30.3,5,2024,7,7,30.8,8,2018,8,5,17.2,8,2018,12,4,1944,2024-12-15
41172,栃木県,日光東町（ニッコウヒガシマチ）,,2024,12,15,14,0,8.3,4,13,58,4,,0.2,,,,,0,34.3,5,2024,8,17,34.3,8,2024,8,17,17.9,8,2023,12,10,2022,2024-12-15
41181,栃木県,塩谷（シオヤ）,,2024,12,15,14,0,9.9,4,14,0,4,0.2,0.4,12.0,2.0,,,0,35.1,5,2024,7,22,36.6,8,2007,8,15,22.8,8,2004,12,5,1978,2024-12-15
41247,栃木県,那須烏山（ナスカラスヤマ）,,2024,12,15,14,0,10.7,4,13,45,4,0.2,-0.5,12.0,2.0,,,0,36.7,5,2024,7,22,37.6,8,2013,8,11,20.3,8,2010,12,3,2009,2024-12-15
41271,栃木県,鹿沼（カヌマ）,,2024,12,15,14,0,10.3,4,12,52,4,-0.1,-0.2,12.0,2.0,,,0,36.9,5,2024,7,29,37.1,8,2020,8,11,23.2,8,2004,12,5,1978,2024-12-15
41277,栃木県,宇都宮（ウツノミヤ）,47615.0,2024,12,15,14,0,10.6,4,13,49,4,-0.2,-0.6,12.0,2.0,,,0,37.5,5,2024,7,22,38.7,8,1997,7,5,24.7,8,2004,12,5,1890,2024-12-15
41331,栃木県,真岡（モオカ）,,2024,12,15,14,0,10.6,4,13,50,4,-0.2,-0.6,12.0,2.0,,,0,38.6,5,2024,8,11,38.6,8,2024,8,11,24.2,8,2004,12,5,1978,2024-12-15
41361,栃木県,佐野（サノ）,,2024,12,15,14,0,10.5,4,13,6,4,-1.2,-0.9,12.0,3.0,,,0,41.0,5,2024,7,29,41.0,8,2024,7,29,25.2,8,2004,12,5,1978,2024-12-15
41376,栃木県,小山（オヤマ）,,2024,12,15,14,0,10.9,4,13,49,4,-0.6,-1.4,12.0,3.0,,,0,38.9,5,2024,7,29,38.9,8,2024,7,29,25.4,8,2004,12,5,1978,2024-12-15
42046,群馬県,藤原（フジワラ）,,2024,12,15,14,0,2.6,4,13,15,4,-1.9,1.9,12.0,3.0,,,0,32.8,5,2024,7,5,35.0,8,1994,8,15,21.5,8,2018,12,4,1977,2024-12-15
42091,群馬県,みなかみ（ミナカミ）,,2024,12,15,14,0,4.0,4,12,2,4,-1.7,1.5,12.0,3.0,,,0,35.2,5,2024,7,7,36.6,8,2022,7,2,20.9,8,2018,12,4,1977,2024-12-15
42121,群馬県,草津（クサツ）,,2024,12,15,14,0,2.3,4,12,6,4,-0.5,3.2,12.0,2.0,,,0,31.0,5,2024,7,7,32.0,8,2022,6,29,17.8,8,2018,12,4,1977,2024-12-15
42146,群馬県,沼田（ヌマタ）,,2024,12,15,14,0,7.7,4,13,27,4,-0.4,1.0,12.0,2.0,,,0,37.3,5,2024,7,23,38.1,8,2020,8,11,20.7,8,2018,12,4,1977,2024-12-15
42186,群馬県,中之条（ナカノジョウ）,,2024,12,15,14,0,10.4,4,14,0,4,0.6,1.4,12.0,2.0,,,0,37.6,5,2024,7,29,38.0,8,2020,8,11,21.3,8,1990,12,1,1977,2024-12-15
42221,群馬県,田代（タシロ）,,2024,12,15,14,0,1.1,4,12,30,4,-1.5,0.8,12.0,3.0,,,0,30.6,5,2024,7,23,31.0,8,2022,6,29,16.6,8,2018,12,4,1977,2024-12-15
42251,群馬県,前橋（マエバシ）,47624.0,2024,12,15,14,0,11.1,4,13,32,4,-0.4,0.7,12.0,2.0,,,0,39.2,5,2024,7,29,40.0,8,2001,7,24,25.2,8,2004,12,5,1896,2024-12-15
42266,群馬県,桐生（キリュウ）,,2024,12,15,14,0,11.8,4,13,45,4,0.3,1.7,12.0,2.0,,,0,39.7,5,2024,8,12,40.5,8,2020,8,11,24.1,8,2004,12,5,1976,2024-12-15
42286,群馬県,上里見（カミサトミ）,,2024,12,15,14,0,11.3,4,13,57,4,-0.4,0.4,12.0,2.0,,,0,38.6,5,2024,8,17,40.3,8,1998,7,4,24.0,8,1990,12,1,1977,2024-12-15
42302,群馬県,伊勢崎（イセサキ）,,2024,12,15,14,0,11.6,4,13,31,4,-0.2,0.0,12.0,2.0,,,0,40.1,5,2024,7,29,40.5,8,2020,8,11,25.4,8,2004,12,5,1998,2024-12-15
42326,群馬県,西野牧（ニシノマキ）,,2024,12,15,14,0,10.2,4,13,5,4,0.3,2.2,12.0,2.0,,,0,39.8,5,2024,7,7,39.8,8,2024,7,7,22.5,8,1990,12,1,1977,2024-12-15
42366,群馬県,館林（タテバヤシ）,,2024,12,15,14,0,10.6,4,14,0,4,-1.2,-0.1,12.0,3.0,,,0,40.2,5,2024,7,29,40.3,8,2007,8,16,25.2,8,2004,12,5,1978,2024-12-15
42396,群馬県,神流（カンナ）,,2024,12,15,14,0,9.4,4,12,54,4,-0.5,0.8,12.0,2.0,,,0,38.1,5,2024,7,29,38.7,8,1994,7,5,21.9,8,2004,12,5,1977,2024-12-15
43051,埼玉県,寄居（ヨリイ）,,2024,12,15,14,0,10.6,4,13,58,4,-1.1,-0.2,12.0,3.0,,,0,39.6,5,2024,7,29,39.9,8,2018,7,23,25.6,8,2004,12,5,1977,2024-12-15
43056,埼玉県,熊谷（クマガヤ）,47626.0,2024,12,15,14,0,10.8,4,13,57,4,-1.3,-1.2,12.0,3.0,,,0,40.0,5,2024,7,29,41.1,8,2018,7,23,26.3,8,2004,12,5,1896,2024-12-15
43126,埼玉県,久喜（クキ）,,2024,12,15,14,0,10.7,4,13,57,4,-0.9,-1.0,12.0,3.0,,,0,39.1,5,2024,7,29,39.2,8,2022,7,1,25.0,8,2004,12,5,1977,2024-12-15
43156,埼玉県,秩父（チチブ）,47641.0,2024,12,15,14,0,10.7,4,13,23,4,-0.6,0.5,12.0,3.0,,,0,38.6,5,2024,8,12,39.3,8,1994,8,7,25.1,8,2004,12,5,1926,2024-12-15
43171,埼玉県,鳩山（ハトヤマ）,,2024,12,15,14,0,11.5,4,13,39,4,-0.5,-0.5,12.0,2.0,,,0,39.9,5,2024,7,29,40.2,8,2020,8,11,25.7,8,2004,12,5,1977,2024-12-15
43241,埼玉県,さいたま（サイタマ）,,2024,12,15,14,0,12.2,4,13,38,4,0.5,0.5,12.0,2.0,,,0,38.7,5,2024,7,29,39.3,8,2018,7,23,25.1,8,2004,12,5,1977,2024-12-15
43256,埼玉県,越谷（コシガヤ）,,2024,12,15,14,0,11.7,4,13,59,4,-0.1,-0.4,12.0,2.0,,,0,39.4,5,2024,7,29,40.4,8,2007,8,16,25.9,8,2004,12,5,1977,2024-12-15
43266,埼玉県,所沢（トコロザワ）,,2024,12,15,14,0,12.0,4,13,33,4,0.5,1.5,12.0,2.0,,,0,37.4,5,2024,7,8,39.8,8,2018,7,23,25.7,8,2004,12,5,1977,2024-12-15
44046,東京都,小河内（オゴウチ）,,2024,12,15,14,0,9.9,4,13,48,4,0.7,1.4,12.0,1.0,,,0,35.1,5,2024,7,29,36.4,8,2002,8,8,22.8,8,2015,12,11,1976,2024-12-15
44056,東京都,青梅（オウメ）,,2024,12,15,14,0,11.0,4,13,6,4,-0.5,-0.9,12.0,2.0,,,0,38.7,5,2024,7,29,40.8,8,2018,7,23,26.2,8,2004,12,5,1976,2024-12-15
44071,東京都,練馬（ネリマ）,,2024,12,15,14,0,12.1,4,14,0,4,0.4,0.1,12.0,2.0,,,0,39.3,5,2024,7,29,39.6,8,2018,7,23,25.0,8,2018,12,4,2012,2024-12-15
44112,東京都,八王子（ハチオウジ）,,2024,12,15,14,0,12.4,4,13,27,4,0.7,0.3,12.0,1.0,,,0,38.7,5,2024,7,29,39.3,8,2020,8,11,26.0,8,2004,12,5,1976,2024-12-15
44116,東京都,府中（フチュウ）,,2024,12,15,14,0,12.8,4,14,0,4,0.6,0.6,12.0,1.0,,,0,39.2,5,2024,7,8,39.2,8,2024,7,8,25.3,8,2004,12,5,1976,2024-12-15
44132,東京都,東京（トウキョウ）,47662.0,2024,12,15,14,0,12.2,4,13,37,4,0.2,-0.1,12.0,2.0,,,0,37.3,5,2024,7,29,39.5,8,2004,7,20,24.8,8,2004,12,5,1875,2024-12-15
44136,東京都,江戸川臨海（エドガワリンカイ）,,2024,12,15,14,0,11.9,4,11,48,4,-0.3,-0.2,12.0,2.0,,,0,35.4,5,2024,7,30,38.0,8,2004,7,21,24.4,8,2004,12,5,1976,2024-12-15
44166,東京都,羽田（ハネダ）,,2024,12,15,14,0,13.0,4,13,43,4,0.8,0.5,12.0,1.0,,,0,37.7,5,2024,7,30,38.2,8,2013,8,11,24.8,8,2004,12,5,1993,2024-12-15
44172,東京都,大島（オオシマ）,47675.0,2024,12,15,14,0,12.2,4,13,48,4,-1.2,-1.0,12.0,3.0,,,0,34.2,5,2024,7,30,35.9,8,2020,8,16,23.1,8,2004,12,5,1938,2024-12-15
44173,東京都,大島北ノ山（オオシマキタノヤマ）,,2024,12,15,14,0,12.2,4,13,20,4,-1.2,-0.9,12.0,3.0,,,0,34.2,5,2024,7,30,34.4,8,2020,8,16,23.0,8,2018,12,4,2003,2024-12-15
44207,東京都,新島（ニイジマ）,,2024,12,15,14,0,11.1,4,11,24,4,-3.0,-1.7,99.0,0.0,,,0,34.9,5,2024,7,29,34.9,8,2024,7,29,23.9,8,2004,12,5,2003,2024-12-15
44216,東京都,神津島（コウヅシマ）,,2024,12,15,14,0,10.3,4,14,0,4,-3.0,-2.0,99.0,0.0,,,0,31.8,5,2024,8,9,33.7,8,2018,7,23,22.7,8,2004,12,5,2003,2024-12-15
44226,東京都,三宅島（ミヤケジマ）,47677.0,2024,12,15,14,0,12.0,4,13,54,4,-2.6,-1.9,1.0,2.0,,,0,33.1,5,2024,7,29,33.1,8,2024,7,29,23.8,8,2004,12,5,1942,2024-12-15
44228,東京都,三宅坪田（ミヤケツボタ）,,2024,12,15,14,0,12.5,4,10,39,4,-2.6,-0.7,1.0,2.0,,,0,36.7,5,2024,7,30,36.7,8,2024,7,30,24.1,8,2018,12,4,2001,2024-12-15
44262,東京都,八重見ヶ原（ヤエミガハラ）,,2024,12,15,14,0,13.7,4,11,46,4,-2.2,-1.2,1.0,1.0,,,0,36.2,5,2024,7,30,36.2,8,2024,7,30,23.9,8,2023,12,16,2003,2024-12-15
44263,東京都,八丈島（ハチジョウジマ）,47678.0,2024,12,15,14,0,13.1,4,11,47,4,-2.4,-1.0,1.0,1.0,,,0,35.5,5,2024,7,30,35.5,8,2024,7,30,24.6,8,1953,12,19,1906,2024-12-15
44301,東京都,父島（チチジマ）,47971.0,2024,12,15,14,0,21.3,4,10,4,4,-1.5,-3.1,1.0,1.0,,,0,34.1,5,2024,7,14,34.1,8,2024,7,14,27.5,8,2018,12,7,1968,2024-12-15
45061,千葉県,我孫子（アビコ）,,2024,12,15,14,0,12.5,4,12,58,4,1.5,0.8,12.0,1.0,,,0,36.9,5,2024,8,17,39.2,8,2013,8,11,23.2,8,2023,12,16,2010,2024-12-15
45081,千葉県,香取（カトリ）,,2024,12,15,14,0,11.9,4,13,55,4,0.6,0.4,12.0,2.0,,,0,36.3,5,2024,8,12,37.6,8,2022,8,3,24.4,8,2023,12,16,1999,2024-12-15
45106,千葉県,船橋（フナバシ）,,2024,12,15,14,0,11.4,4,13,39,4,-0.2,-0.5,12.0,2.0,,,0,38.6,5,2024,7,29,39.0,8,2013,8,11,23.5,8,2004,12,5,1999,2024-12-15
45116,千葉県,佐倉（サクラ）,,2024,12,15,14,0,12.4,4,12,22,4,0.6,0.5,12.0,2.0,,,0,37.8,5,2024,7,8,39.1,8,1995,8,20,23.9,8,2023,12,16,1978,2024-12-15
45121,千葉県,成田（ナリタ）,,2024,12,15,14,0,12.4,4,13,4,4,0.6,0.3,12.0,2.0,,,0,36.5,5,2024,8,11,38.4,8,2004,7,20,24.9,8,2023,12,16,2003,2024-12-15
45148,千葉県,銚子（チョウシ）,47648.0,2024,12,15,14,0,13.1,4,13,47,4,0.4,1.2,12.0,2.0,,,0,35.9,5,2024,8,11,35.9,8,2024,8,11,23.4,8,2004,12,5,1887,2024-12-15
45181,千葉県,横芝光（ヨコシバヒカリ）,,2024,12,15,14,0,13.6,4,12,37,4,0.8,1.7,12.0,1.0,,,0,37.6,5,2024,8,11,38.1,8,1995,8,28,26.2,8,2023,12,16,1978,2024-12-15
45212,千葉県,千葉（チバ）,47682.0,2024,12,15,14,0,11.8,4,13,39,4,-0.7,-0.9,12.0,3.0,,,0,37.4,5,2024,7,29,38.5,8,2015,8,7,24.3,8,2004,12,5,1966,2024-12-15
45261,千葉県,茂原（モバラ）,,2024,12,15,14,0,13.1,4,13,16,4,0.1,1.1,12.0,2.0,,,0,37.6,5,2024,7,7,39.9,8,2013,8,11,25.2,8,2023,12,16,1978,2024-12-15
45282,千葉県,木更津（キサラヅ）,,2024,12,15,14,0,12.3,4,13,57,4,0.4,0.6,12.0,2.0,,,0,38.2,5,2024,7,29,38.2,8,2024,7,29,23.5,8,2023,12,16,2006,2024-12-15
45291,千葉県,牛久（ウシク）,,2024,12,15,14,0,13.3,4,12,11,4,0.4,0.9,12.0,2.0,,,0,39.8,5,2024,7,28,40.2,8,2004,7,20,25.5,8,2023,12,16,1978,2024-12-15
45326,千葉県,坂畑（サカハタ）,,2024,12,15,14,0,12.7,4,11,37,4,0.7,1.2,12.0,1.0,,,0,37.4,5,2024,7,22,37.4,8,2024,7,22,23.7,8,2023,12,16,1978,2024-12-15
45361,千葉県,鴨川（カモガワ）,,2024,12,15,14,0,14.4,4,12,38,4,0.7,2.0,12.0,1.0,,,0,37.3,5,2024,8,11,37.3,8,2024,8,11,24.7,8,2023,12,16,1978,2024-12-15
45371,千葉県,勝浦（カツウラ）,47674.0,2024,12,15,14,0,13.2,4,13,16,4,-0.3,0.9,12.0,2.0,,,0,34.2,5,2024,7,30,34.9,8,1924,8,23,22.9,8,2004,12,5,1906,2024-12-15
45401,千葉県,館山（タテヤマ）,47672.0,2024,12,15,14,0,13.4,4,12,13,4,-0.5,0.2,12.0,2.0,,,0,36.1,5,2024,8,10,36.6,8,1994,8,3,23.7,8,2004,12,5,1968,2024-12-15
46091,神奈川県,海老名（エビナ）,,2024,12,15,14,0,13.8,4,13,56,4,0.9,0.0,12.0,1.0,,,0,37.6,5,2024,7,20,38.1,8,2016,8,9,24.6,8,2023,12,16,1978,2024-12-15
46106,神奈川県,横浜（ヨコハマ）,47670.0,2024,12,15,14,0,13.0,4,13,43,4,0.6,0.5,12.0,2.0,,,0,37.1,5,2024,7,29,37.4,8,2016,8,9,24.5,8,2023,12,16,1896,2024-12-15
46141,神奈川県,辻堂（ツジドウ）,,2024,12,15,14,0,13.6,4,13,49,4,0.5,-0.8,12.0,2.0,,,0,37.0,5,2024,8,15,37.0,8,2024,8,15,22.8,8,2015,12,11,1992,2024-12-15
46166,神奈川県,小田原（オダワラ）,,2024,12,15,14,0,13.2,4,13,43,4,0.3,-1.2,12.0,2.0,,,0,37.9,5,2024,7,8,38.0,8,2023,8,4,26.0,8,2023,12,16,1978,2024-12-15
46211,神奈川県,三浦（ミウラ）,,2024,12,15,14,0,12.7,4,13,59,4,-0.2,-1.1,12.0,2.0,,,0,36.3,5,2024,8,9,36.4,8,2004,7,21,23.1,8,2023,12,16,1978,2024-12-15
48031,長野県,野沢温泉（ノザワオンセン）,,2024,12,15,14,0,1.1,4,13,59,4,-3.4,0.2,99.0,0.0,,,0,33.3,5,2024,8,23,36.4,8,1994,8,13,19.3,8,2018,12,4,1978,2024-12-15
48061,長野県,信濃町（シナノマチ）,,2024,12,15,14,0,1.9,4,12,3,4,-2.6,1.7,1.0,1.0,,,0,33.4,5,2024,8,23,34.6,8,2018,8,22,20.6,8,2018,12,4,1978,2024-12-15
48066,長野県,飯山（イイヤマ）,,2024,12,15,14,0,2.5,4,13,59,4,-3.3,0.2,1.0,2.0,,,0,36.3,5,2024,8,23,37.6,8,1994,8,14,22.2,8,2018,12,4,1978,2024-12-15
48141,長野県,白馬（ハクバ）,,2024,12,15,14,0,3.6,4,13,55,4,-0.8,3.4,12.0,3.0,,,0,33.9,5,2024,7,7,36.2,8,1994,8,16,18.3,8,1990,12,1,1978,2024-12-15
48156,長野県,長野（ナガノ）,47610.0,2024,12,15,14,0,4.0,4,13,54,4,-2.8,1.0,1.0,1.0,,,0,36.6,5,2024,8,23,38.7,8,1994,8,16,22.0,8,2018,12,4,1889,2024-12-15
48191,長野県,大町（オオマチ）,,2024,12,15,14,0,4.1,4,13,31,4,-0.7,2.9,12.0,2.0,,,0,35.1,5,2024,7,23,35.5,8,2018,8,5,18.3,8,1990,12,1,1978,2024-12-15
48196,長野県,信州新町（シンシュウシンマチ）,,2024,12,15,14,0,4.1,4,14,0,4,-2.7,1.4,1.0,1.0,,,0,36.3,5,2024,7,7,38.6,8,1994,8,16,21.6,8,1990,12,1,1978,2024-12-15
48216,長野県,菅平（スガダイラ）,,2024,12,15,14,0,0.6,4,12,43,4,-1.1,2.8,12.0,3.0,,,0,29.6,5,2024,7,5,30.4,8,1994,8,15,15.7,8,2018,12,4,1978,2024-12-15
48256,長野県,上田（ウエダ）,,2024,12,15,14,0,7.4,4,13,9,4,-0.8,2.1,12.0,3.0,,,0,38.4,5,2024,8,24,38.8,8,2022,7,2,24.0,8,2018,12,4,1976,2024-12-15
48296,長野県,穂高（ホタカ）,,2024,12,15,14,0,6.0,4,12,19,4,-1.2,0.3,12.0,3.0,,,0,37.4,5,2024,7,7,37.8,8,2013,7,12,20.4,8,2023,12,15,1978,2024-12-15
48321,長野県,東御（トウミ）,,2024,12,15,14,0,5.4,4,13,5,4,-0.2,3.6,12.0,2.0,,,0,33.2,5,2024,7,23,33.6,8,2018,7,15,19.8,8,2018,12,4,1978,2024-12-15
48331,長野県,軽井沢（カルイザワ）,47622.0,2024,12,15,14,0,4.7,4,11,43,4,-0.6,1.8,12.0,2.0,,,0,32.1,5,2024,7,23,34.2,8,1946,7,16,20.7,8,1929,12,17,1925,2024-12-15
48361,長野県,松本（マツモト）,47618.0,2024,12,15,14,0,8.5,4,12,47,4,0.5,2.8,12.0,2.0,,,0,36.7,5,2024,7,5,38.5,8,1942,8,2,21.5,8,1929,12,17,1898,2024-12-15
48363,長野県,松本今井（マツモトイマイ）,,2024,12,15,14,0,7.5,4,12,41,4,0.4,2.4,12.0,2.0,,,0,35.9,5,2024,8,4,36.6,8,2020,8,15,20.0,8,2018,12,4,2003,2024-12-15
48381,長野県,立科（タテシナ）,,2024,12,15,14,0,6.3,4,13,9,4,-0.2,2.9,12.0,2.0,,,0,35.4,5,2024,8,4,36.0,8,2022,7,2,21.7,8,2018,12,4,1978,2024-12-15
48386,長野県,佐久（サク）,,2024,12,15,14,0,7.8,4,13,32,4,0.4,3.0,12.0,2.0,,,0,37.5,5,2024,7,23,37.5,8,2024,7,23,22.7,8,2018,12,4,1978,2024-12-15
48466,長野県,奈川（ナガワ）,,2024,12,15,14,0,1.9,4,13,49,4,-2.7,0.7,1.0,1.0,,,0,33.2,5,2024,8,24,34.4,8,2020,8,20,17.3,8,2004,12,5,1978,2024-12-15
48491,長野県,諏訪（スワ）,47620.0,2024,12,15,14,0,5.2,4,12,55,4,-1.6,0.8,12.0,3.0,,,0,34.3,5,2024,8,3,35.5,8,1995,8,20,19.7,8,2015,12,11,1945,2024-12-15
48531,長野県,開田高原（カイダコウゲン）,,2024,12,15,14,0,0.9,4,11,14,4,-2.3,1.6,1.0,1.0,,,0,31.6,5,2024,8,2,32.2,8,2018,7,15,17.2,8,2004,12,5,1978,2024-12-15
48536,長野県,木祖薮原（キソヤブハラ）,,2024,12,15,14,0,1.3,4,12,17,4,,-1.5,,,,,0,35.0,5,2024,8,3,36.2,8,2020,8,20,19.3,8,2023,12,10,2019,2024-12-15
48546,長野県,辰野（タツノ）,,2024,12,15,14,0,3.2,4,12,50,4,-3.6,-3.3,99.0,0.0,,,0,36.4,5,2024,7,29,36.4,8,2024,7,29,18.8,8,2004,12,5,1978,2024-12-15
48561,長野県,原村（ハラムラ）,,2024,12,15,14,0,4.1,4,12,58,4,-1.4,1.2,12.0,3.0,,,0,33.5,5,2024,7,23,33.9,8,2020,8,20,18.3,8,2018,12,4,1978,2024-12-15
48571,長野県,野辺山（ノベヤマ）,,2024,12,15,14,0,3.6,4,13,45,4,0.1,3.7,12.0,2.0,,,0,30.7,5,2024,7,7,31.0,8,2003,8,23,16.9,8,1990,12,1,1978,2024-12-15
48606,長野県,木曽福島（キソフクシマ）,,2024,12,15,14,0,4.6,4,12,58,4,-2.8,-0.8,1.0,2.0,,,0,35.6,5,2024,8,2,36.1,8,2023,8,12,19.4,8,2004,12,5,1976,2024-12-15
48621,長野県,伊那（イナ）,,2024,12,15,14,0,4.8,4,11,58,4,-2.8,-2.3,1.0,2.0,,,0,37.1,5,2024,8,2,37.2,8,2018,8,1,19.4,8,2004,12,5,1993,2024-12-15
48717,長野県,南木曽（ナギソ）,,2024,12,15,14,0,0.6,4,13,3,4,-6.4,-5.2,99.0,0.0,,,0,35.1,5,2024,8,17,35.7,8,2018,8,6,20.8,8,2015,12,11,1978,2024-12-15
48731,長野県,飯島（イイジマ）,,2024,12,15,14,0,3.1,4,11,4,4,-3.9,-2.6,99.0,0.0,,,0,35.3,5,2024,7,29,35.5,8,2023,8,12,18.2,8,2004,12,5,1978,2024-12-15
48767,長野県,飯田（イイダ）,47637.0,2024,12,15,14,0,3.0,4,11,39,4,-5.8,-4.9,99.0,0.0,,,0,36.8,5,2024,8,12,37.7,8,2018,8,6,20.9,8,1929,12,17,1897,2024-12-15
48826,長野県,浪合（ナミアイ）,,2024,12,15,14,0,0.6,4,13,46,4,-5.3,-3.7,99.0,0.0,,,0,32.3,5,2024,8,17,33.5,8,2007,8,17,18.9,8,2004,12,5,1978,2024-12-15
48841,長野県,南信濃（ミナミシナノ）,,2024,12,15,14,0,5.1,4,12,39,4,-4.5,-4.4,99.0,0.0,,,0,39.1,5,2024,7,29,39.5,8,2020,8,17,22.0,8,2004,12,5,1978,2024-12-15
49036,山梨県,大泉（オオイズミ）,,2024,12,15,14,0,6.3,4,13,45,4,-1.2,0.4,12.0,3.0,,,0,35.6,5,2024,7,7,36.5,8,2013,8,11,19.0,8,1993,12,3,1977,2024-12-15
49086,山梨県,韮崎（ニラサキ）,,2024,12,15,14,0,10.2,4,13,25,4,-0.2,0.8,12.0,2.0,,,0,37.3,5,2024,7,7,38.4,8,1994,8,2,22.7,8,1990,12,1,1977,2024-12-15
49142,山梨県,甲府（コウフ）,47638.0,2024,12,15,14,0,9.3,4,14,0,4,-2.1,-1.7,1.0,1.0,,,0,39.4,5,2024,7,22,40.7,8,2013,8,10,24.9,8,2004,12,5,1894,2024-12-15
49151,山梨県,勝沼（カツヌマ）,,2024,12,15,14,0,8.9,4,13,47,4,-1.8,-0.8,1.0,1.0,,,0,39.6,5,2024,7,22,40.5,8,2013,8,10,23.0,8,1990,12,1,1977,2024-12-15
49161,山梨県,大月（オオツキ）,,2024,12,15,14,0,11.5,4,13,16,4,0.5,1.3,12.0,2.0,,,0,39.2,5,2024,7,29,39.9,8,1990,7,19,24.9,8,2023,12,16,1977,2024-12-15
49196,山梨県,古関（フルセキ）,,2024,12,15,14,0,6.9,4,11,59,4,-1.9,-1.1,1.0,1.0,,,0,36.9,5,2024,7,29,38.6,8,2013,8,10,21.8,8,2004,12,5,1978,2024-12-15
49236,山梨県,切石（キリイシ）,,2024,12,15,14,0,10.1,4,14,0,4,-1.5,-0.8,12.0,3.0,,,0,38.0,5,2024,8,17,39.2,8,2016,8,9,24.5,8,2004,12,5,1977,2024-12-15
49251,山梨県,河口湖（カワグチコ）,47640.0,2024,12,15,14,0,7.6,4,13,43,4,-0.9,2.0,12.0,3.0,,,0,35.2,5,2024,7,7,35.3,8,2013,7,12,21.2,8,2018,12,4,1933,2024-12-15
49256,山梨県,山中（ヤマナカ）,,2024,12,15,14,0,5.8,4,12,53,4,-1.1,0.9,12.0,3.0,,,0,34.9,5,2024,7,7,34.9,8,2024,7,7,21.1,8,2023,12,16,1977,2024-12-15
49316,山梨県,南部（ナンブ）,,2024,12,15,14,0,11.9,4,13,35,4,-0.6,-0.6,12.0,3.0,,,0,38.2,5,2024,8,17,38.9,8,2016,8,9,25.3,8,2004,12,5,1977,2024-12-15
50106,静岡県,井川（イカワ）,,2024,12,15,14,0,6.7,4,11,57,4,-2.3,-2.1,1.0,2.0,,,0,36.2,5,2024,7,23,36.2,8,2024,7,23,19.4,8,1990,12,1,1978,2024-12-15
50136,静岡県,御殿場（ゴテンバ）,,2024,12,15,14,0,8.9,4,13,59,4,-1.4,-0.7,12.0,3.0,,,0,35.2,5,2024,7,29,35.3,8,2016,8,9,20.2,8,2004,12,5,1976,2024-12-15
50196,静岡県,富士（フジ）,,2024,12,15,14,0,12.6,4,13,32,4,-1.0,-1.7,12.0,3.0,,,0,36.1,5,2024,7,30,36.9,8,2002,7,24,24.2,8,2004,12,5,1978,2024-12-15
50206,静岡県,三島（ミシマ）,47657.0,2024,12,15,14,0,13.2,4,12,50,4,-0.6,-1.7,12.0,3.0,,,0,37.4,5,2024,7,30,37.4,8,2024,7,30,25.2,8,2004,12,5,1930,2024-12-15
50226,静岡県,佐久間（サクマ）,,2024,12,15,14,0,7.1,4,13,59,4,-4.6,-4.3,99.0,0.0,,,0,39.8,5,2024,7,29,40.2,8,2001,7,24,23.0,8,2004,12,5,1978,2024-12-15
50241,静岡県,川根本町（カワネホンチョウ）,,2024,12,15,14,0,8.7,4,12,35,4,-3.4,-3.7,99.0,0.0,,,0,38.4,5,2024,7,27,39.6,8,2020,8,15,21.6,8,1990,12,1,1978,2024-12-15
50261,静岡県,清水（シミズ）,,2024,12,15,14,0,12.7,4,11,56,4,-1.3,-2.2,12.0,3.0,,,0,37.3,5,2024,8,16,38.2,8,2004,7,13,24.3,8,2004,12,5,1978,2024-12-15
50281,静岡県,網代（アジロ）,47668.0,2024,12,15,14,0,12.6,4,12,39,4,-0.2,-2.2,12.0,2.0,,,0,36.1,5,2024,7,7,36.8,8,2015,8,6,24.1,8,1954,12,9,1937,2024-12-15
50331,静岡県,静岡（シズオカ）,47656.0,2024,12,15,14,0,12.3,4,10,48,4,-1.8,-2.4,1.0,1.0,,,0,40.0,5,2024,7,7,40.0,8,2024,7,7,24.8,8,2023,12,16,1940,2024-12-15
50386,静岡県,天竜（テンリュウ）,,2024,12,15,14,0,9.1,4,13,19,4,-4.0,-3.2,99.0,0.0,,,0,40.2,5,2024,7,29,40.9,8,2020,8,16,24.6,8,2018,12,5,1978,2024-12-15
50456,静岡県,浜松（ハママツ）,47654.0,2024,12,15,14,0,10.1,4,14,0,4,-3.0,-2.6,99.0,0.0,,,0,39.2,5,2024,7,28,41.1,8,2020,8,17,23.2,8,2015,12,11,1882,2024-12-15
50476,静岡県,菊川牧之原（キクガワマキノハラ）,,2024,12,15,14,0,8.3,4,12,24,4,-3.7,-4.3,99.0,0.0,,,0,36.8,5,2024,7,22,37.4,8,2020,8,15,21.5,8,2018,12,4,1978,2024-12-15
50477,静岡県,静岡空港（シズオカクウコウ）,,2024,12,15,14,0,9.8,4,11,15,4,-2.6,-3.9,99.0,0.0,,,0,37.4,5,2024,7,22,37.4,8,2024,7,22,22.0,8,2015,12,11,2009,2024-12-15
50491,静岡県,松崎（マツザキ）,,2024,12,15,14,0,11.4,4,12,6,4,-2.4,-2.7,1.0,2.0,,,0,37.3,5,2024,7,30,37.3,8,2024,7,30,23.3,8,2004,12,5,1978,2024-12-15
50506,静岡県,稲取（イナトリ）,,2024,12,15,14,0,11.7,4,13,10,4,-1.3,-0.4,12.0,3.0,,,0,36.2,5,2024,8,11,36.5,8,2022,8,3,23.5,8,2018,12,4,1978,2024-12-15
50536,静岡県,磐田（イワタ）,,2024,12,15,14,0,10.2,4,13,25,4,-2.9,-2.6,99.0,0.0,,,0,38.0,5,2024,7,29,39.2,8,1994,8,3,22.8,8,2015,12,11,1978,2024-12-15
50551,静岡県,御前崎（オマエザキ）,47655.0,2024,12,15,14,0,9.6,4,13,52,4,-3.5,-4.3,99.0,0.0,,,0,35.1,5,2024,7,29,36.7,8,2004,7,20,22.6,8,2004,12,5,1932,2024-12-15
50561,静岡県,石廊崎（イロウザキ）,47666.0,2024,12,15,14,0,10.3,4,13,30,4,-3.1,-3.2,99.0,0.0,,,0,33.8,5,2024,8,14,33.9,8,2004,7,20,22.2,8,2015,12,11,1939,2024-12-15
51031,愛知県,愛西（アイサイ）,,2024,12,15,14,0,10.2,4,11,48,4,-1.0,-1.9,12.0,3.0,,,0,38.8,5,2024,8,9,40.3,8,1994,8,5,22.0,8,2015,12,11,1979,2024-12-15
51071,愛知県,稲武（イナブ）,,2024,12,15,14,0,3.8,4,13,50,4,-4.2,-2.8,99.0,0.0,,,0,35.1,5,2024,8,9,35.5,8,2018,7,23,19.7,8,2004,12,5,1979,2024-12-15
51106,愛知県,名古屋（ナゴヤ）,47636.0,2024,12,15,14,0,10.5,4,12,49,4,-1.1,-0.7,12.0,3.0,,,0,39.3,5,2024,8,9,40.3,8,2018,8,3,22.6,8,2015,12,11,1890,2024-12-15
51116,愛知県,豊田（トヨタ）,,2024,12,15,14,0,9.9,4,13,49,4,-1.6,-1.0,12.0,3.0,,,0,39.5,5,2024,8,9,39.8,8,2022,7,1,22.6,8,2015,12,11,1979,2024-12-15
51216,愛知県,大府（オオブ）,,2024,12,15,14,0,10.5,4,12,29,4,-0.8,-0.2,12.0,3.0,,,0,38.9,5,2024,8,9,38.9,8,2024,8,9,23.8,8,2015,12,11,2012,2024-12-15
51226,愛知県,岡崎（オカザキ）,,2024,12,15,14,0,9.7,4,13,32,4,-1.8,-0.8,1.0,1.0,,,0,39.0,5,2024,8,16,39.3,8,2018,7,23,23.1,8,2015,12,11,1979,2024-12-15
51247,愛知県,新城（シンシロ）,,2024,12,15,14,0,9.7,4,12,15,4,-2.6,-2.8,99.0,0.0,,,0,38.6,5,2024,8,17,39.6,8,2018,7,23,23.1,8,2004,12,5,2002,2024-12-15
51261,愛知県,セントレア（セントレア）,,2024,12,15,14,0,10.3,4,13,58,4,-1.2,-0.7,12.0,3.0,,,0,35.2,5,2024,7,22,36.1,8,2013,8,10,20.8,8,2015,12,11,2005,2024-12-15
51281,愛知県,蒲郡（ガマゴオリ）,,2024,12,15,14,0,11.0,4,13,17,4,-1.3,-0.6,12.0,3.0,,,0,37.9,5,2024,8,17,38.7,8,1995,8,19,23.0,8,2015,12,11,1979,2024-12-15
51311,愛知県,南知多（ミナミチタ）,,2024,12,15,14,0,10.1,4,12,38,4,-1.5,-0.2,12.0,3.0,,,0,37.0,5,2024,8,9,38.3,8,1994,8,5,23.1,8,2015,12,11,1979,2024-12-15
51331,愛知県,豊橋（トヨハシ）,,2024,12,15,14,0,10.6,4,13,39,4,-0.9,-0.6,12.0,3.0,,,0,36.9,5,2024,7,29,37.9,8,2020,8,16,22.4,8,2015,12,11,2005,2024-12-15
51346,愛知県,伊良湖（イラコ）,47653.0,2024,12,15,14,0,11.0,4,13,21,4,-0.9,-0.1,12.0,3.0,,,0,37.5,5,2024,8,9,38.4,8,2013,8,11,23.4,8,2015,12,11,1947,2024-12-15
52041,岐阜県,河合（カワイ）,,2024,12,15,14,0,0.0,4,13,34,4,-4.6,-3.2,99.0,0.0,,,0,34.6,5,2024,8,23,36.4,8,1994,8,7,17.0,8,2023,12,16,1978,2024-12-15
52051,岐阜県,神岡（カミオカ）,,2024,12,15,14,0,2.1,4,12,21,4,-4.5,-0.2,99.0,0.0,,,0,37.7,5,2024,8,22,37.7,8,2024,8,22,19.8,8,2010,12,6,1978,2024-12-15
52081,岐阜県,白川（シラカワ）,,2024,12,15,14,0,0.7,4,13,43,4,-4.9,-1.4,99.0,0.0,,,0,34.9,5,2024,8,23,36.5,8,2007,8,11,20.0,8,2023,12,15,1978,2024-12-15
52111,岐阜県,栃尾（トチオ）,,2024,12,15,14,0,0.2,4,12,1,4,-4.3,-1.2,99.0,0.0,,,0,33.7,5,2024,8,4,35.4,8,1994,8,15,19.3,8,2015,12,11,1978,2024-12-15
52146,岐阜県,高山（タカヤマ）,47617.0,2024,12,15,14,0,2.5,4,13,35,4,-3.7,-1.2,99.0,0.0,,,0,36.6,5,2024,8,4,37.7,8,2019,8,13,21.7,8,1929,12,16,1899,2024-12-15
52181,岐阜県,六厩（ムマヤ）,,2024,12,15,14,0,-1.1,4,14,0,4,-3.8,-1.1,99.0,0.0,,,0,32.4,5,2024,8,2,33.5,8,2001,8,2,18.0,8,2004,12,5,1978,2024-12-15
52196,岐阜県,宮之前（ミヤノマエ）,,2024,12,15,14,0,1.1,4,13,56,4,-2.8,0.3,1.0,1.0,,,0,32.8,5,2024,8,4,33.5,8,2018,8,4,19.3,8,2004,12,5,1978,2024-12-15
52221,岐阜県,長滝（ナガタキ）,,2024,12,15,14,0,0.4,4,13,1,4,-6.2,-4.2,99.0,0.0,,,0,36.2,5,2024,8,13,36.8,8,2018,8,4,18.1,8,2023,12,10,1978,2024-12-15
52286,岐阜県,萩原（ハギワラ）,,2024,12,15,14,0,3.4,4,13,51,4,-4.3,-2.1,99.0,0.0,,,0,38.0,5,2024,8,3,38.3,8,1994,7,15,20.2,8,2004,12,5,1976,2024-12-15
52331,岐阜県,八幡（ハチマン）,,2024,12,15,14,0,4.9,4,12,44,4,-3.3,-3.0,99.0,0.0,,,0,38.1,5,2024,8,5,39.8,8,2018,7,22,20.6,8,2004,12,5,1978,2024-12-15
52346,岐阜県,宮地（ミヤジ）,,2024,12,15,14,0,3.2,4,14,0,4,-4.5,-2.7,99.0,0.0,,,0,36.4,5,2024,8,5,38.9,8,2007,8,16,20.4,8,2004,12,5,1978,2024-12-15
52381,岐阜県,樽見（タルミ）,,2024,12,15,14,0,5.4,4,12,40,4,-2.4,-1.5,1.0,2.0,,,0,37.6,5,2024,8,3,37.8,8,2023,7,26,20.0,8,2015,12,11,1978,2024-12-15
52406,岐阜県,金山（カナヤマ）,,2024,12,15,14,0,6.8,4,13,10,4,-2.7,-2.2,99.0,0.0,,,0,37.8,5,2024,8,16,41.0,8,2018,8,6,21.5,8,2004,12,5,1978,2024-12-15
52461,岐阜県,美濃（ミノ）,,2024,12,15,14,0,8.4,4,12,57,4,-2.3,-1.9,1.0,2.0,,,0,40.0,5,2024,8,16,41.0,8,2018,8,8,21.5,8,2015,12,11,1978,2024-12-15
52482,岐阜県,黒川（クロカワ）,,2024,12,15,14,0,2.9,4,13,53,4,-4.7,-3.7,99.0,0.0,,,0,36.4,5,2024,8,17,37.4,8,2007,8,16,19.7,8,2004,12,5,1998,2024-12-15
52511,岐阜県,揖斐川（イビガワ）,,2024,12,15,14,0,9.0,4,13,36,4,-1.7,0.0,12.0,3.0,,,0,39.2,5,2024,8,14,39.6,8,2018,7,18,22.1,8,2023,12,10,1978,2024-12-15
52536,岐阜県,美濃加茂（ミノカモ）,,2024,12,15,14,0,9.8,4,13,37,4,-0.7,0.0,12.0,3.0,,,0,39.0,5,2024,8,16,39.7,8,2018,7,18,22.1,8,2015,12,11,1978,2024-12-15
52556,岐阜県,恵那（エナ）,,2024,12,15,14,0,5.6,4,13,5,4,-4.0,-3.2,99.0,0.0,,,0,37.6,5,2024,8,17,38.8,8,2018,7,23,21.0,8,2004,12,5,1976,2024-12-15
52557,岐阜県,中津川（ナカツガワ）,,2024,12,15,14,0,3.9,4,12,4,4,-5.2,-4.7,99.0,0.0,,,0,37.7,5,2024,8,17,39.2,8,2018,7,23,21.8,8,2015,12,11,2010,2024-12-15
52571,岐阜県,関ケ原（セキガハラ）,,2024,12,15,14,0,7.1,4,13,27,4,-2.5,-1.4,1.0,1.0,,,0,37.6,5,2024,8,14,37.9,8,1994,8,8,19.7,8,2015,12,11,1978,2024-12-15
52581,岐阜県,大垣（オオガキ）,,2024,12,15,14,0,9.4,4,13,49,4,-1.7,-0.5,12.0,3.0,,,0,38.8,5,2024,8,13,38.8,8,2024,8,13,22.7,8,2015,12,11,1978,2024-12-15
52586,岐阜県,岐阜（ギフ）,47632.0,2024,12,15,14,0,10.0,4,12,42,4,-1.4,-0.2,12.0,3.0,,,0,39.0,5,2024,8,14,39.8,8,2007,8,16,22.1,8,2015,12,11,1883,2024-12-15
52606,岐阜県,多治見（タジミ）,,2024,12,15,14,0,9.4,4,13,49,4,-2.3,-1.7,1.0,2.0,,,0,39.3,5,2024,8,16,40.9,8,2007,8,16,22.1,8,2015,12,11,1978,2024-12-15
53041,三重県,桑名（クワナ）,,2024,12,15,14,0,10.6,4,13,21,4,-0.9,-0.4,12.0,3.0,,,0,40.4,5,2024,8,9,40.4,8,2024,8,9,21.9,8,2015,12,11,1979,2024-12-15
53061,三重県,四日市（ヨッカイチ）,47684.0,2024,12,15,14,0,10.4,4,13,9,4,-1.1,0.0,12.0,3.0,,,0,37.1,5,2024,8,9,38.8,8,1994,8,5,21.9,8,2015,12,11,1966,2024-12-15
53091,三重県,亀山（カメヤマ）,,2024,12,15,14,0,9.6,4,12,12,4,-1.7,1.4,12.0,3.0,,,0,37.4,5,2024,7,23,38.3,8,2018,7,18,21.5,8,2015,12,11,1979,2024-12-15
53112,三重県,上野（ウエノ）,47649.0,2024,12,15,14,0,9.7,4,12,44,4,-1.1,3.0,12.0,3.0,,,0,37.6,5,2024,8,14,38.8,8,1942,8,2,22.1,8,2018,12,4,1937,2024-12-15
53133,三重県,津（ツ）,47651.0,2024,12,15,14,0,11.5,4,13,25,4,-0.4,1.7,12.0,2.0,,,0,38.1,5,2024,8,9,39.5,8,1994,8,5,23.7,8,2015,12,11,1889,2024-12-15
53196,三重県,小俣（オバタ）,,2024,12,15,14,0,10.6,4,11,47,4,-1.3,0.6,12.0,3.0,,,0,38.3,5,2024,8,9,38.8,8,2013,8,10,25.4,8,2015,12,11,1979,2024-12-15
53231,三重県,粥見（カユミ）,,2024,12,15,14,0,9.3,4,13,9,4,-2.4,1.0,1.0,2.0,,,0,39.7,5,2024,7,5,39.7,8,2024,7,5,24.8,8,2015,12,11,1979,2024-12-15
53257,三重県,鳥羽（トバ）,,2024,12,15,14,0,10.8,4,12,10,4,-0.5,1.3,12.0,2.0,,,0,37.5,5,2024,8,18,38.3,8,1994,8,5,24.5,8,2015,12,11,1977,2024-12-15
53296,三重県,南伊勢（ミナミイセ）,,2024,12,15,14,0,10.9,4,13,48,4,-1.8,0.8,1.0,1.0,,,0,38.4,5,2024,7,28,38.4,8,2024,7,28,24.4,8,2015,12,11,1979,2024-12-15
53326,三重県,紀伊長島（キイナガシマ）,,2024,12,15,14,0,11.7,4,13,4,4,-2.0,0.2,1.0,1.0,,,0,38.7,5,2024,7,31,38.7,8,2024,7,31,25.4,8,2015,12,11,1979,2024-12-15
53378,三重県,尾鷲（オワセ）,47663.0,2024,12,15,14,0,11.8,4,13,30,4,-2.1,-0.3,1.0,1.0,,,0,38.8,5,2024,8,16,38.8,8,2024,8,16,25.6,8,2015,12,11,1938,2024-12-15
53401,三重県,熊野新鹿（クマノアタシカ）,,2024,12,15,14,0,10.8,4,11,54,4,-2.8,-0.9,99.0,0.0,,,0,37.4,5,2024,7,31,38.6,8,2021,8,8,25.1,8,2023,12,16,2001,2024-12-15
54012,新潟県,粟島（アワシマ）,,2024,12,15,14,0,8.6,4,12,34,4,0.1,1.7,12.0,2.0,,,0,35.1,5,2024,8,23,37.0,8,2019,8,15,18.7,8,2018,12,4,1978,2024-12-15
54041,新潟県,弾崎（ハジキザキ）,,2024,12,15,14,0,7.8,4,11,26,4,-0.6,2.2,12.0,3.0,,,0,36.2,5,2024,8,23,36.2,8,2024,8,23,18.7,8,1982,12,11,1978,2024-12-15
54086,新潟県,村上（ムラカミ）,,2024,12,15,14,0,6.8,4,13,28,4,-0.8,0.2,12.0,3.0,,,0,36.7,5,2024,8,23,39.9,8,2018,8,23,20.9,8,1990,12,1,1978,2024-12-15
54157,新潟県,相川（アイカワ）,47602.0,2024,12,15,14,0,9.9,4,11,52,4,0.3,2.9,12.0,2.0,,,0,34.4,5,2024,8,23,38.5,8,2023,8,9,22.9,8,1929,12,16,1911,2024-12-15
54166,新潟県,両津（リョウツ）,,2024,12,15,14,0,9.0,4,13,16,4,0.3,3.2,12.0,2.0,,,0,34.5,5,2024,8,23,38.8,8,2019,8,15,19.0,8,2018,12,4,1978,2024-12-15
54181,新潟県,中条（ナカジョウ）,,2024,12,15,14,0,5.0,4,14,0,4,-3.1,-1.1,1.0,2.0,,,0,35.8,5,2024,8,23,40.8,8,2018,8,23,20.8,8,2016,12,22,1978,2024-12-15
54191,新潟県,下関（シモセキ）,,2024,12,15,14,0,3.6,4,14,0,4,-3.2,-0.8,1.0,3.0,,,0,36.0,5,2024,8,23,39.6,8,2018,8,23,20.4,8,1990,12,1,1978,2024-12-15
54232,新潟県,新潟（ニイガタ）,47604.0,2024,12,15,14,0,8.0,4,14,0,4,-0.5,1.1,12.0,3.0,,,0,36.7,5,2024,8,23,39.9,8,2018,8,23,23.6,8,1929,12,17,1881,2024-12-15
54236,新潟県,松浜（マツハマ）,,2024,12,15,14,0,7.6,4,12,56,4,-1.0,1.0,12.0,3.0,,,0,35.9,5,2024,8,23,39.7,8,2023,8,9,19.0,8,2018,12,4,2003,2024-12-15
54271,新潟県,羽茂（ハモチ）,,2024,12,15,14,0,7.9,4,10,59,4,-1.1,1.5,12.0,3.0,,,0,35.5,5,2024,8,30,38.3,8,2023,8,9,19.6,8,2018,12,4,1978,2024-12-15
54296,新潟県,新津（ニイツ）,,2024,12,15,14,0,4.7,4,13,3,4,-2.9,-1.4,1.0,2.0,,,0,38.6,5,2024,8,23,39.4,8,2023,8,31,17.9,8,1990,12,9,1978,2024-12-15
54341,新潟県,巻（マキ）,,2024,12,15,14,0,6.4,4,12,30,4,-1.7,0.6,12.0,3.0,,,0,36.9,5,2024,8,23,38.9,8,2018,8,23,18.9,8,1982,12,5,1978,2024-12-15
54387,新潟県,寺泊（テラドマリ）,,2024,12,15,14,0,8.6,4,13,6,4,0.1,2.2,12.0,2.0,,,0,35.9,5,2024,8,23,40.6,8,2019,8,15,18.8,8,2016,12,22,2001,2024-12-15
54396,新潟県,三条（サンジョウ）,,2024,12,15,14,0,5.6,4,13,25,4,-2.2,0.5,1.0,1.0,,,0,37.5,5,2024,8,30,40.4,8,2020,9,3,19.1,8,2016,12,22,1978,2024-12-15
54421,新潟県,津川（ツガワ）,,2024,12,15,14,0,1.7,4,13,53,4,-4.2,-2.9,99.0,0.0,,,0,34.4,5,2024,8,23,39.4,8,1994,8,13,20.8,8,1990,12,1,1978,2024-12-15
54501,新潟県,長岡（ナガオカ）,,2024,12,15,14,0,6.0,4,14,0,4,-1.4,1.9,12.0,3.0,,,0,37.1,5,2024,8,23,39.4,8,2023,8,15,19.9,8,2018,12,4,1976,2024-12-15
54541,新潟県,柏崎（カシワザキ）,,2024,12,15,14,0,8.0,4,10,39,4,-1.3,1.7,12.0,3.0,,,0,34.7,5,2024,7,23,38.8,8,2023,8,14,22.4,8,2016,12,22,1978,2024-12-15
54566,新潟県,守門（スモン）,,2024,12,15,14,0,1.5,4,13,52,4,-3.8,-0.2,99.0,0.0,,,0,35.7,5,2024,8,23,37.4,8,2019,8,14,22.2,8,2018,12,4,1978,2024-12-15
54586,新潟県,大潟（オオガタ）,,2024,12,15,14,0,8.5,4,11,26,4,-0.8,1.5,12.0,3.0,,,0,36.0,5,2024,8,30,40.0,8,2018,8,23,23.5,8,2018,12,4,1978,2024-12-15
54616,新潟県,小出（コイデ）,,2024,12,15,14,0,3.1,4,13,12,4,-3.2,0.8,1.0,3.0,,,0,36.6,5,2024,8,23,39.0,8,2021,8,6,21.1,8,2018,12,4,1978,2024-12-15
54651,新潟県,高田（タカダ）,47612.0,2024,12,15,14,0,7.1,4,13,8,4,-2.1,0.8,1.0,1.0,,,0,37.2,5,2024,8,30,40.3,8,2019,8,14,23.7,8,1929,12,16,1922,2024-12-15
54661,新潟県,安塚（ヤスヅカ）,,2024,12,15,14,0,3.0,4,14,0,4,-4.1,1.0,99.0,0.0,,,0,35.8,5,2024,8,23,37.6,8,2023,8,14,21.7,8,2018,12,4,1978,2024-12-15
54676,新潟県,十日町（トオカマチ）,,2024,12,15,14,0,1.8,4,13,58,4,-4.2,0.5,99.0,0.0,,,0,35.5,5,2024,9,10,37.1,8,2022,6,24,20.5,8,2018,12,4,1978,2024-12-15
54711,新潟県,糸魚川（イトイガワ）,,2024,12,15,14,0,9.3,4,12,23,4,-0.7,1.9,12.0,3.0,,,0,36.4,5,2024,8,23,39.3,8,2023,8,10,26.0,8,2023,12,15,1978,2024-12-15
54721,新潟県,能生（ノウ）,,2024,12,15,14,0,7.9,4,10,20,4,-0.8,2.1,12.0,3.0,,,0,34.6,5,2024,8,23,36.9,8,2019,8,15,22.9,8,2023,12,15,1978,2024-12-15
54816,新潟県,関山（セキヤマ）,,2024,12,15,14,0,4.4,4,12,7,4,-2.0,2.6,12.0,3.0,,,0,33.8,5,2024,8,23,35.5,8,1990,8,22,22.8,8,2018,12,4,1978,2024-12-15
54836,新潟県,津南（ツナン）,,2024,12,15,14,0,2.7,4,13,57,4,-2.2,2.1,12.0,3.0,,,0,33.4,5,2024,8,23,35.2,8,2022,6,24,19.6,8,2018,12,4,1978,2024-12-15
54841,新潟県,湯沢（ユザワ）,,2024,12,15,14,0,3.5,4,12,57,4,-2.5,1.6,1.0,1.0,,,0,35.0,5,2024,8,23,37.2,8,1990,8,23,21.5,8,2018,12,4,1978,2024-12-15
55022,富山県,朝日（アサヒ）,,2024,12,15,14,0,6.1,4,9,50,4,-3.3,-0.5,1.0,2.0,,,0,36.0,5,2024,8,23,38.0,8,2004,9,7,24.1,8,2018,12,4,1978,2024-12-15
55041,富山県,氷見（ヒミ）,,2024,12,15,14,0,7.6,4,13,52,4,-1.4,1.7,12.0,3.0,,,0,35.7,5,2024,8,23,37.4,8,1994,8,13,22.8,8,2023,12,15,1978,2024-12-15
55056,富山県,魚津（ウオヅ）,,2024,12,15,14,0,6.2,4,10,35,4,-3.0,-0.5,1.0,2.0,,,0,37.0,5,2024,7,7,37.9,8,2015,7,13,24.9,8,2018,12,4,1978,2024-12-15
55091,富山県,伏木（フシキ）,47606.0,2024,12,15,14,0,6.9,4,14,0,4,-2.2,-0.6,1.0,1.0,,,0,37.7,5,2024,8,23,39.7,8,1994,8,14,23.5,8,1921,12,17,1887,2024-12-15
55102,富山県,富山（トヤマ）,47607.0,2024,12,15,14,0,7.2,4,14,0,4,-2.1,-0.7,1.0,1.0,,,0,39.2,5,2024,8,23,39.5,8,2018,8,22,24.8,8,2018,12,4,1939,2024-12-15
55141,富山県,砺波（トナミ）,,2024,12,15,14,0,7.7,4,13,7,4,-1.0,2.5,12.0,3.0,,,0,36.4,5,2024,8,23,38.8,8,2023,8,10,23.6,8,2023,12,15,1976,2024-12-15
55151,富山県,秋ヶ島（アキガシマ）,,2024,12,15,14,0,7.3,4,13,32,4,-1.5,1.5,12.0,3.0,,,0,37.3,5,2024,7,19,38.7,8,2023,8,10,23.8,8,2018,12,4,2003,2024-12-15
55166,富山県,上市（カミイチ）,,2024,12,15,14,0,4.7,4,13,47,4,-2.4,1.9,1.0,1.0,,,0,35.2,5,2024,8,23,37.4,8,2022,9,6,23.8,8,2018,12,4,1978,2024-12-15
55191,富山県,南砺高宮（ナントタカミヤ）,,2024,12,15,14,0,7.3,4,12,50,4,-1.5,3.0,12.0,3.0,,,0,36.7,5,2024,7,5,38.6,8,2023,8,10,24.4,8,2018,12,4,1978,2024-12-15
55206,富山県,八尾（ヤツオ）,,2024,12,15,14,0,6.6,4,13,30,4,-2.2,1.4,1.0,1.0,,,0,37.3,5,2024,8,23,39.0,8,2023,8,10,23.1,8,2018,12,4,1976,2024-12-15
56036,石川県,珠洲（スズ）,,2024,12,15,14,0,9.1,4,11,21,4,0.3,2.2,12.0,2.0,,,0,36.8,5,2024,8,23,38.2,8,2019,8,15,20.0,8,2023,12,15,1978,2024-12-15
56052,石川県,輪島（ワジマ）,47600.0,2024,12,15,14,0,9.0,4,10,55,4,-0.2,2.1,12.0,2.0,,,0,35.8,5,2024,8,23,38.6,8,2020,9,3,21.5,8,2018,12,4,1929,2024-12-15
56093,石川県,三井（ミイ）,,2024,12,15,14,0,8.2,4,13,4,4,1.4,3.0,12.0,1.0,,,0,34.1,5,2024,8,22,38.1,8,2019,8,15,18.6,8,2023,12,15,2003,2024-12-15
56116,石川県,志賀（シカ）,,2024,12,15,14,0,10.4,4,12,30,4,0.4,3.3,12.0,2.0,,,0,36.0,5,2024,8,30,40.1,8,2019,8,15,19.9,8,2023,12,15,1978,2024-12-15
56146,石川県,七尾（ナナオ）,,2024,12,15,14,0,8.6,4,12,43,4,-0.2,2.4,12.0,2.0,,,0,36.2,5,2024,8,23,38.1,8,2023,8,10,22.1,8,2023,12,15,1978,2024-12-15
56176,石川県,羽咋（ハクイ）,,2024,12,15,14,0,10.4,4,12,58,4,0.6,3.7,12.0,2.0,,,0,35.3,5,2024,8,27,39.6,8,2019,8,15,22.1,8,2018,12,4,1978,2024-12-15
56186,石川県,かほく（カホク）,,2024,12,15,14,0,9.2,4,13,35,4,-0.5,3.3,12.0,2.0,,,0,35.3,5,2024,8,27,39.2,8,2018,8,23,23.5,8,2018,12,4,1978,2024-12-15
56227,石川県,金沢（カナザワ）,47605.0,2024,12,15,14,0,9.7,4,13,51,4,-0.4,4.1,12.0,2.0,,,0,36.5,5,2024,8,23,38.5,8,2022,9,6,24.7,8,2018,12,4,1882,2024-12-15
56276,石川県,小松（コマツ）,,2024,12,15,14,0,7.3,4,13,36,4,-2.8,1.2,1.0,2.0,,,0,37.7,5,2024,8,23,40.0,8,2023,8,10,24.5,8,2018,12,4,1978,2024-12-15
56286,石川県,白山河内（ハクサンカワチ）,,2024,12,15,14,0,5.4,4,13,48,4,-2.5,-0.5,1.0,1.0,,,0,35.5,5,2024,8,23,37.4,8,2023,8,10,23.9,8,2018,12,4,1978,2024-12-15
56301,石川県,加賀中津原（カガナカツハラ）,,2024,12,15,14,0,6.7,4,13,10,4,-1.8,0.6,12.0,3.0,,,0,37.3,5,2024,8,23,37.6,8,2023,8,10,23.1,8,2023,12,15,1978,2024-12-15
57001,福井県,三国（ミクニ）,,2024,12,15,14,0,6.4,4,12,2,4,-3.2,-1.8,1.0,3.0,,,0,37.0,5,2024,8,27,39.7,8,2023,8,9,21.8,8,2018,12,4,1978,2024-12-15
57026,福井県,春江（ハルエ）,,2024,12,15,14,0,5.5,4,13,56,4,-3.9,-2.4,99.0,0.0,,,0,38.8,5,2024,8,23,39.0,8,2018,7,29,23.8,8,2018,12,4,2003,2024-12-15
57051,福井県,越廼（コシノ）,,2024,12,15,14,0,8.0,4,11,59,4,-3.0,-0.2,1.0,2.0,,,0,37.3,5,2024,8,22,38.2,8,2018,7,29,22.9,8,2018,12,4,1978,2024-12-15
57066,福井県,福井（フクイ）,47616.0,2024,12,15,14,0,6.5,4,13,33,4,-3.1,-1.5,1.0,2.0,,,0,38.1,5,2024,8,23,38.6,8,1942,7,19,24.6,8,1929,12,16,1897,2024-12-15
57082,福井県,勝山（カツヤマ）,,2024,12,15,14,0,0.8,4,10,14,4,-6.6,-5.0,99.0,0.0,,,0,36.8,5,2024,8,22,37.4,8,2022,8,1,22.0,8,2018,12,4,1993,2024-12-15
57121,福井県,大野（オオノ）,,2024,12,15,14,0,1.5,4,12,31,4,-6.2,-4.7,99.0,0.0,,,0,36.0,5,2024,8,22,36.9,8,2012,7,31,22.0,8,2015,12,11,1976,2024-12-15
57206,福井県,今庄（イマジョウ）,,2024,12,15,14,0,3.0,4,12,41,4,-5.3,-2.1,99.0,0.0,,,0,36.5,5,2024,8,22,36.9,8,2018,8,14,22.5,8,2018,12,4,1978,2024-12-15
57248,福井県,敦賀（ツルガ）,47631.0,2024,12,15,14,0,8.4,4,11,10,4,-2.1,0.7,1.0,1.0,,,0,37.5,5,2024,8,22,37.6,8,1918,8,13,21.4,8,1929,12,15,1897,2024-12-15
57286,福井県,美浜（ミハマ）,,2024,12,15,14,0,8.0,4,12,23,4,-2.6,0.3,1.0,1.0,,,0,37.9,5,2024,8,22,38.2,8,2022,8,1,23.8,8,2018,12,4,1978,2024-12-15
57317,福井県,小浜（オバマ）,,2024,12,15,14,0,7.9,4,12,34,4,-2.6,1.1,1.0,1.0,,,0,38.9,5,2024,7,5,39.1,8,2022,8,1,21.8,8,2018,12,4,1978,2024-12-15
60051,滋賀県,今津（イマヅ）,,2024,12,15,14,0,8.7,4,10,50,4,-0.5,2.3,12.0,2.0,,,0,35.6,5,2024,8,14,36.9,8,1994,8,7,18.3,8,2015,12,11,1978,2024-12-15
60061,滋賀県,長浜（ナガハマ）,,2024,12,15,14,0,8.0,4,13,18,4,-1.6,-0.2,12.0,3.0,,,0,36.3,5,2024,7,7,37.4,8,2014,7,26,20.3,8,2018,12,4,1978,2024-12-15
60102,滋賀県,米原（マイバラ）,,2024,12,15,14,0,6.5,4,12,54,4,-2.0,-1.3,12.0,3.0,,,0,36.4,5,2024,8,14,36.4,8,2024,8,14,19.3,8,2015,12,11,2001,2024-12-15
60116,滋賀県,南小松（ミナミコマツ）,,2024,12,15,14,0,8.3,4,13,42,4,-1.6,0.5,12.0,3.0,,,0,36.8,5,2024,8,15,37.2,8,2022,7,1,20.0,8,2015,12,11,1978,2024-12-15
60131,滋賀県,彦根（ヒコネ）,47761.0,2024,12,15,14,0,9.1,4,11,20,4,-0.7,1.2,12.0,3.0,,,0,37.3,5,2024,7,7,37.7,8,2014,7,26,21.4,8,2015,12,11,1893,2024-12-15
60196,滋賀県,東近江（ヒガシオウミ）,,2024,12,15,14,0,9.1,4,12,37,4,-1.3,2.1,12.0,3.0,,,0,38.1,5,2024,8,3,39.2,8,2020,8,20,23.5,8,2018,12,4,1978,2024-12-15
60216,滋賀県,大津（オオツ）,,2024,12,15,14,0,9.4,4,13,28,4,-1.0,1.6,12.0,3.0,,,0,38.1,5,2024,8,15,38.5,8,2023,8,1,20.0,8,2018,12,4,1977,2024-12-15
60226,滋賀県,信楽（シガラキ）,,2024,12,15,14,0,7.8,4,13,32,4,-1.5,1.8,12.0,3.0,,,0,35.8,5,2024,8,3,36.0,8,2018,7,19,23.5,8,2018,12,4,1978,2024-12-15
60236,滋賀県,土山（ツチヤマ）,,2024,12,15,14,0,8.0,4,12,40,4,-1.4,2.2,12.0,3.0,,,0,36.6,5,2024,8,3,37.2,8,2018,7,15,20.7,8,2018,12,4,1978,2024-12-15
61001,京都府,間人（タイザ）,,2024,12,15,14,0,7.3,4,12,45,4,-3.2,-0.6,1.0,3.0,,,0,36.6,5,2024,8,27,37.9,8,2018,8,22,22.0,8,2023,12,15,1977,2024-12-15
61076,京都府,宮津（ミヤヅ）,,2024,12,15,14,0,9.8,4,13,45,4,-0.9,3.0,12.0,3.0,,,0,39.0,5,2024,8,23,39.0,8,2024,8,23,22.4,8,2018,12,4,1978,2024-12-15
61111,京都府,舞鶴（マイヅル）,47750.0,2024,12,15,14,0,9.2,4,13,52,4,-1.1,1.8,12.0,3.0,,,0,38.8,5,2024,8,23,39.0,8,2023,8,5,22.9,8,2018,12,4,1947,2024-12-15
61187,京都府,福知山（フクチヤマ）,,2024,12,15,14,0,10.2,4,13,22,4,-0.2,4.2,12.0,2.0,,,0,38.5,5,2024,8,23,39.6,8,2018,8,22,23.4,8,2018,12,4,1976,2024-12-15
61206,京都府,美山（ミヤマ）,,2024,12,15,14,0,7.2,4,12,33,4,-1.9,1.6,12.0,3.0,,,0,36.8,5,2024,8,3,37.7,8,2023,7,27,21.8,8,2018,12,4,1978,2024-12-15
61242,京都府,園部（ソノベ）,,2024,12,15,14,0,9.0,4,13,15,4,-1.1,3.4,12.0,3.0,,,0,38.5,5,2024,8,3,39.1,8,2023,7,27,22.5,8,2018,12,4,2002,2024-12-15
61286,京都府,京都（キョウト）,47759.0,2024,12,15,14,0,9.9,4,12,29,4,-1.5,2.1,12.0,3.0,,,0,39.4,5,2024,7,29,39.8,8,2018,7,19,22.8,8,1890,12,4,1880,2024-12-15
61326,京都府,京田辺（キョウタナベ）,,2024,12,15,14,0,10.4,4,12,16,4,-1.0,1.1,12.0,3.0,,,0,39.0,5,2024,8,6,39.0,8,2024,8,6,23.3,8,2018,12,4,1978,2024-12-15
62016,大阪府,能勢（ノセ）,,2024,12,15,14,0,7.7,4,13,58,4,-2.1,0.7,1.0,1.0,,,0,37.4,5,2024,8,4,37.6,8,2022,7,1,20.3,8,2018,12,4,1977,2024-12-15
62046,大阪府,枚方（ヒラカタ）,,2024,12,15,14,0,9.7,4,11,32,4,-2.0,0.9,1.0,1.0,,,0,39.1,5,2024,8,2,39.8,8,2023,7,27,25.0,8,2018,12,4,1977,2024-12-15
62051,大阪府,豊中（トヨナカ）,,2024,12,15,14,0,10.7,4,13,8,4,-1.3,1.4,12.0,3.0,,,0,38.7,5,2024,8,13,39.9,8,1994,8,8,23.7,8,2018,12,4,1977,2024-12-15
62078,大阪府,大阪（オオサカ）,47772.0,2024,12,15,14,0,10.7,4,13,45,4,-1.4,1.6,12.0,3.0,,,0,38.3,5,2024,8,4,39.1,8,1994,8,8,24.5,8,2018,12,4,1883,2024-12-15
62081,大阪府,生駒山（イコマヤマ）,,2024,12,15,14,0,5.3,4,13,14,4,-1.8,2.9,1.0,1.0,,,0,33.5,5,2024,8,14,34.3,8,1994,8,6,21.4,8,2018,12,4,1976,2024-12-15
62091,大阪府,堺（サカイ）,,2024,12,15,14,0,10.6,4,12,26,4,-1.5,1.1,12.0,3.0,,,0,39.2,5,2024,8,15,39.7,8,2018,8,22,25.5,8,2018,12,4,1977,2024-12-15
62096,大阪府,八尾（ヤオ）,,2024,12,15,14,0,10.2,4,12,45,4,-1.6,0.8,12.0,3.0,,,0,39.1,5,2024,8,14,39.1,8,2024,8,14,26.1,8,2018,12,4,2003,2024-12-15
62101,大阪府,関空島（カンクウジマ）,,2024,12,15,14,0,9.9,4,12,19,4,-1.9,-1.0,1.0,1.0,,,0,35.3,5,2024,8,30,37.7,8,2023,8,10,23.6,8,2018,12,4,2003,2024-12-15
62131,大阪府,熊取（クマトリ）,,2024,12,15,14,0,9.6,4,11,45,4,-1.7,0.4,1.0,1.0,,,0,36.5,5,2024,8,23,36.7,8,2022,8,11,25.8,8,2018,12,4,1977,2024-12-15
63016,兵庫県,香住（カスミ）,,2024,12,15,14,0,7.5,4,13,59,4,-3.0,1.3,1.0,2.0,,,0,36.6,5,2024,7,21,38.0,8,1994,8,11,24.2,8,2023,12,15,1976,2024-12-15
63051,兵庫県,豊岡（トヨオカ）,47747.0,2024,12,15,14,0,10.2,4,12,29,4,-0.1,4.9,12.0,2.0,,,0,39.7,5,2024,8,23,39.7,8,2024,8,23,23.8,8,2023,12,15,1918,2024-12-15
63071,兵庫県,兎和野高原（ウワノコウゲン）,,2024,12,15,14,0,3.2,4,11,47,4,-2.8,2.2,1.0,2.0,,,0,34.6,5,2024,7,7,34.6,8,2024,7,7,20.4,8,2023,12,15,2005,2024-12-15
63121,兵庫県,和田山（ワダヤマ）,,2024,12,15,14,0,9.0,4,12,32,4,-1.0,4.6,12.0,3.0,,,0,37.8,5,2024,8,3,38.3,8,2023,8,21,21.7,8,2018,12,4,1977,2024-12-15
63201,兵庫県,生野（イクノ）,,2024,12,15,14,0,5.8,4,14,0,4,-3.1,2.6,1.0,2.0,,,0,37.5,5,2024,8,2,38.0,8,2020,8,20,20.7,8,2023,12,10,1978,2024-12-15
63216,兵庫県,柏原（カイバラ）,,2024,12,15,14,0,8.6,4,13,55,4,-1.8,2.5,12.0,3.0,,,0,38.1,5,2024,7,29,39.2,8,1994,8,8,21.8,8,2004,12,5,1978,2024-12-15
63251,兵庫県,一宮（イチノミヤ）,,2024,12,15,14,0,6.5,4,13,31,4,-3.5,-1.3,99.0,0.0,,,0,37.3,5,2024,7,29,38.5,8,2018,8,4,20.9,8,2004,12,5,1978,2024-12-15
63321,兵庫県,福崎（フクサキ）,,2024,12,15,14,0,9.1,4,13,31,4,-1.9,1.1,1.0,1.0,,,0,38.8,5,2024,8,13,38.9,8,2023,8,20,21.9,8,2004,12,5,1977,2024-12-15
63331,兵庫県,西脇（ニシワキ）,,2024,12,15,14,0,9.6,4,13,49,4,-1.5,2.3,12.0,3.0,,,0,39.5,5,2024,8,14,39.5,8,2024,8,14,21.6,8,2004,12,5,1978,2024-12-15
63366,兵庫県,上郡（カミゴオリ）,,2024,12,15,14,0,9.7,4,13,1,4,-1.5,0.6,1.0,1.0,,,0,37.7,5,2024,7,29,37.7,8,2024,7,29,20.3,8,2023,12,10,1978,2024-12-15
63383,兵庫県,姫路（ヒメジ）,47769.0,2024,12,15,14,0,9.0,4,13,32,4,-2.7,-0.1,99.0,0.0,,,0,37.3,5,2024,8,15,38.0,8,2020,8,31,21.5,8,2004,12,5,1948,2024-12-15
63411,兵庫県,三田（サンダ）,,2024,12,15,14,0,8.0,4,13,44,4,-2.2,1.7,1.0,1.0,,,0,37.4,5,2024,8,14,38.4,8,1994,8,8,22.1,8,2004,12,5,1978,2024-12-15
63461,兵庫県,三木（ミキ）,,2024,12,15,14,0,8.1,4,13,58,4,-2.5,0.7,1.0,2.0,,,0,36.7,5,2024,8,15,37.8,8,2018,7,24,21.6,8,2004,12,4,1977,2024-12-15
63491,兵庫県,家島（イエシマ）,,2024,12,15,14,0,9.3,4,12,56,4,-1.4,0.2,12.0,3.0,,,0,35.2,5,2024,8,4,35.3,8,2006,8,9,20.5,8,2004,12,5,1978,2024-12-15
63496,兵庫県,明石（アカシ）,,2024,12,15,14,0,10.7,4,13,21,4,-0.9,1.1,12.0,3.0,,,0,36.9,5,2024,8,10,37.2,8,2019,8,13,22.4,8,2004,12,5,1992,2024-12-15
63517,兵庫県,神戸空港（コウベクウコウ）,,2024,12,15,14,0,10.3,4,12,49,4,-1.5,1.0,12.0,3.0,,,0,37.0,5,2024,8,14,37.0,8,2024,8,14,21.9,8,2018,12,4,2006,2024-12-15
63518,兵庫県,神戸（コウベ）,47770.0,2024,12,15,14,0,10.9,4,13,13,4,-1.0,1.6,12.0,3.0,,,0,36.9,5,2024,8,14,38.8,8,1994,8,8,23.7,8,2004,12,5,1896,2024-12-15
63551,兵庫県,郡家（グンゲ）,,2024,12,15,14,0,11.6,4,12,42,4,-0.4,1.4,12.0,2.0,,,0,38.2,5,2024,8,3,38.2,8,2024,8,3,23.6,8,2018,12,4,1978,2024-12-15
63571,兵庫県,洲本（スモト）,47776.0,2024,12,15,14,0,10.6,4,12,27,4,-1.5,2.2,1.0,1.0,,,0,37.8,5,2024,8,9,38.0,8,2020,8,17,21.8,8,2018,12,4,1919,2024-12-15
63588,兵庫県,南淡（ナンダン）,,2024,12,15,14,0,10.8,4,12,38,4,-1.4,1.2,12.0,3.0,,,0,36.9,5,2024,8,18,37.6,8,2019,8,13,22.1,8,2023,12,15,2004,2024-12-15
64036,奈良県,奈良（ナラ）,47780.0,2024,12,15,14,0,10.1,4,12,16,4,-1.4,1.4,12.0,3.0,,,0,38.4,5,2024,8,3,39.3,8,1994,8,8,24.9,8,2018,12,4,1953,2024-12-15
64041,奈良県,針（ハリ）,,2024,12,15,14,0,6.0,4,13,26,4,-2.1,1.9,1.0,1.0,,,0,35.1,5,2024,8,13,36.0,8,2020,8,10,22.2,8,2018,12,4,1978,2024-12-15
64101,奈良県,大宇陀（オオウダ）,,2024,12,15,14,0,7.3,4,12,48,4,-2.2,1.7,1.0,1.0,,,0,35.7,5,2024,8,4,36.5,8,2020,8,10,23.7,8,2018,12,4,1978,2024-12-15
64127,奈良県,五條（ゴジョウ）,,2024,12,15,14,0,8.3,4,14,0,4,-2.3,1.2,1.0,1.0,,,0,37.9,5,2024,8,23,37.9,8,2024,8,23,26.8,8,2018,12,4,2005,2024-12-15
64206,奈良県,上北山（カミキタヤマ）,,2024,12,15,14,0,6.3,4,13,3,4,-3.8,-0.9,99.0,0.0,,,0,38.7,5,2024,7,29,39.3,8,2020,8,17,21.6,8,2023,12,15,1978,2024-12-15
64227,奈良県,風屋（カゼヤ）,,2024,12,15,14,0,7.6,4,10,8,4,-2.5,0.0,99.0,0.0,,,0,39.9,5,2024,8,2,39.9,8,2024,8,2,21.7,8,2004,12,5,1977,2024-12-15
65026,和歌山県,かつらぎ（カツラギ）,,2024,12,15,14,0,8.8,4,13,22,4,-2.3,1.2,1.0,2.0,,,0,39.3,5,2024,8,14,40.6,8,1994,8,8,25.7,8,2018,12,4,1979,2024-12-15
65036,和歌山県,友ケ島（トモガシマ）,,2024,12,15,14,0,11.3,4,11,59,4,-1.0,-0.3,12.0,3.0,,,0,37.8,5,2024,8,1,37.8,8,2024,8,1,22.9,8,2018,12,4,1998,2024-12-15
65042,和歌山県,和歌山（ワカヤマ）,47777.0,2024,12,15,14,0,10.3,4,11,39,4,-2.0,0.3,1.0,1.0,,,0,37.7,5,2024,8,9,38.5,8,2013,8,11,25.2,8,2018,12,4,1879,2024-12-15
65061,和歌山県,高野山（コウヤサン）,,2024,12,15,14,0,0.6,4,11,18,4,-5.5,-1.8,99.0,0.0,,,0,32.9,5,2024,8,2,33.7,8,2014,7,26,19.7,8,2018,12,4,1979,2024-12-15
65121,和歌山県,清水（シミズ）,,2024,12,15,14,0,6.3,4,13,55,4,-4.0,-1.2,99.0,0.0,,,0,36.5,5,2024,8,4,37.0,8,1994,8,8,23.6,8,2004,12,5,1979,2024-12-15
65162,和歌山県,龍神（リュウジン）,,2024,12,15,14,0,6.3,4,13,5,4,-3.6,-0.3,99.0,0.0,,,0,37.1,5,2024,8,1,37.2,8,2020,8,17,21.7,8,2004,12,5,1994,2024-12-15
65201,和歌山県,川辺（カワベ）,,2024,12,15,14,0,10.5,4,13,26,4,-1.7,1.0,1.0,1.0,,,0,37.1,5,2024,8,9,38.4,8,2020,8,17,22.6,8,2018,12,4,1999,2024-12-15
65256,和歌山県,栗栖川（クリスガワ）,,2024,12,15,14,0,11.1,4,13,28,4,-1.8,1.8,1.0,1.0,,,0,37.7,5,2024,8,17,39.3,8,2013,8,11,22.7,8,2023,12,10,1979,2024-12-15
65276,和歌山県,新宮（シングウ）,,2024,12,15,14,0,11.1,4,14,0,4,-3.1,-1.1,99.0,0.0,,,0,39.6,5,2024,7,8,39.6,8,2024,7,8,24.5,8,2023,12,16,1979,2024-12-15
65288,和歌山県,南紀白浜（ナンキシラハマ）,,2024,12,15,14,0,10.5,4,12,31,4,-2.7,0.4,1.0,2.0,,,0,35.5,5,2024,7,31,37.5,8,2020,8,15,23.1,8,2018,12,4,2006,2024-12-15
65306,和歌山県,西川（ニシカワ）,,2024,12,15,14,0,10.3,4,12,5,4,-2.6,0.7,99.0,0.0,,,0,37.0,5,2024,7,29,38.9,8,2020,8,16,22.1,8,2004,12,5,1979,2024-12-15
65356,和歌山県,潮岬（シオノミサキ）,47778.0,2024,12,15,14,0,10.7,4,13,58,4,-2.9,0.2,99.0,0.0,,,0,34.5,5,2024,8,16,36.1,8,2020,8,16,23.3,8,2018,12,4,1913,2024-12-15
66046,岡山県,上長田（カミナガタ）,,2024,12,15,14,0,2.8,4,11,19,4,-4.3,-1.5,99.0,0.0,,,0,34.2,5,2024,8,3,34.9,8,1994,8,7,18.7,8,2023,12,10,1978,2024-12-15
66091,岡山県,千屋（チヤ）,,2024,12,15,14,0,2.6,4,12,6,4,-3.9,-0.2,99.0,0.0,,,0,35.1,5,2024,8,3,35.1,8,2024,8,3,18.7,8,2023,12,10,1978,2024-12-15
66127,岡山県,奈義（ナギ）,,2024,12,15,14,0,5.5,4,12,58,4,-3.5,-0.9,99.0,0.0,,,0,36.9,5,2024,8,24,37.2,8,1994,8,6,19.3,8,2023,12,10,1977,2024-12-15
66136,岡山県,今岡（イマオカ）,,2024,12,15,14,0,5.5,4,13,20,4,-3.5,-0.7,99.0,0.0,,,0,37.7,5,2024,8,3,38.5,8,1994,8,7,18.7,8,2023,12,10,1978,2024-12-15
66171,岡山県,久世（クセ）,,2024,12,15,14,0,6.1,4,13,34,4,-3.4,-1.9,99.0,0.0,,,0,38.5,5,2024,8,14,39.3,8,1994,8,7,20.5,8,2023,12,10,1978,2024-12-15
66186,岡山県,津山（ツヤマ）,47756.0,2024,12,15,14,0,8.0,4,12,47,4,-1.7,-0.1,1.0,2.0,,,0,37.1,5,2024,7,29,38.4,8,2018,8,5,19.9,8,1968,12,6,1943,2024-12-15
66221,岡山県,新見（ニイミ）,,2024,12,15,14,0,6.0,4,13,56,4,-1.9,0.4,1.0,1.0,,,0,36.9,5,2024,8,1,36.9,8,2024,8,1,19.7,8,2023,12,10,1978,2024-12-15
66296,岡山県,福渡（フクワタリ）,,2024,12,15,14,0,9.3,4,13,50,4,-1.4,-0.3,12.0,3.0,,,0,38.1,5,2024,8,15,39.0,8,1994,7,16,21.0,8,2023,12,10,1979,2024-12-15
66306,岡山県,和気（ワケ）,,2024,12,15,14,0,9.3,4,13,46,4,-1.9,-0.7,1.0,1.0,,,0,36.4,5,2024,7,28,37.9,8,2016,8,8,20.9,8,2023,12,10,1979,2024-12-15
66336,岡山県,高梁（タカハシ）,,2024,12,15,14,0,8.2,4,11,46,4,-2.2,0.3,1.0,3.0,,,0,38.4,5,2024,8,15,39.3,8,2020,8,21,20.1,8,2023,12,10,1979,2024-12-15
66346,岡山県,日応寺（ニチオウジ）,,2024,12,15,14,0,8.5,4,12,40,4,-1.2,0.0,12.0,3.0,,,0,36.5,5,2024,8,15,37.0,8,2018,7,24,19.7,8,2023,12,10,2003,2024-12-15
66408,岡山県,岡山（オカヤマ）,47768.0,2024,12,15,14,0,11.2,4,12,12,4,-0.3,0.9,12.0,2.0,,,0,38.1,5,2024,8,3,39.3,8,1994,8,7,21.5,8,1929,12,15,1891,2024-12-15
66421,岡山県,虫明（ムシアゲ）,,2024,12,15,14,0,10.9,4,13,3,4,-0.7,0.0,12.0,3.0,,,0,36.7,5,2024,8,16,37.4,8,2004,7,30,20.9,8,2018,12,4,1979,2024-12-15
66446,岡山県,倉敷（クラシキ）,,2024,12,15,14,0,9.8,4,11,22,4,-1.5,-0.1,1.0,1.0,,,0,36.8,5,2024,8,23,37.1,8,1994,8,8,20.6,8,2023,12,10,1979,2024-12-15
66481,岡山県,笠岡（カサオカ）,,2024,12,15,14,0,10.2,4,12,1,4,-1.3,0.0,1.0,1.0,,,0,36.8,5,2024,8,14,38.0,8,2023,7,27,20.0,8,2018,12,5,1979,2024-12-15
66501,岡山県,玉野（タマノ）,,2024,12,15,14,0,10.0,4,11,45,4,-1.6,0.0,1.0,1.0,,,0,37.4,5,2024,8,2,38.2,8,1995,8,19,20.9,8,1989,12,5,1976,2024-12-15
67016,広島県,高野（タカノ）,,2024,12,15,14,0,3.1,4,13,50,4,-3.0,0.8,1.0,2.0,,,0,34.5,5,2024,8,3,35.1,8,2023,7,27,18.6,8,2023,12,10,1978,2024-12-15
67106,広島県,三次（ミヨシ）,,2024,12,15,14,0,4.4,4,13,51,4,-4.4,-0.1,99.0,0.0,,,0,38.5,5,2024,8,3,38.5,8,2024,8,3,20.8,8,2023,12,10,1978,2024-12-15
67116,広島県,庄原（ショウバラ）,,2024,12,15,14,0,2.7,4,13,59,4,-5.4,-1.3,99.0,0.0,,,0,37.3,5,2024,8,15,38.1,8,2021,8,5,19.8,8,2023,12,10,1976,2024-12-15
67151,広島県,大朝（オオアサ）,,2024,12,15,14,0,2.1,4,13,48,4,-5.4,-0.8,99.0,0.0,,,0,35.9,5,2024,8,14,36.2,8,2018,7,15,18.9,8,2023,12,15,1977,2024-12-15
67191,広島県,油木（ユキ）,,2024,12,15,14,0,2.2,4,12,38,4,-4.8,-1.0,99.0,0.0,,,0,34.9,5,2024,8,15,34.9,8,2024,8,15,18.6,8,2023,12,10,1978,2024-12-15
67212,広島県,加計（カケ）,,2024,12,15,14,0,4.5,4,12,5,4,-4.8,-2.2,99.0,0.0,,,0,39.5,5,2024,8,15,39.5,8,2024,8,15,22.7,8,2023,12,10,1978,2024-12-15
67292,広島県,三入（ミイリ）,,2024,12,15,14,0,7.6,4,13,22,4,-2.9,1.2,99.0,0.0,,,0,37.6,5,2024,8,15,38.9,8,1994,7,16,21.0,8,2023,12,10,1979,2024-12-15
67316,広島県,世羅（セラ）,,2024,12,15,14,0,4.8,4,13,46,4,-3.8,0.0,99.0,0.0,,,0,36.3,5,2024,8,15,37.4,8,1994,8,7,20.0,8,2023,12,10,1977,2024-12-15
67326,広島県,府中（フチュウ）,,2024,12,15,14,0,8.3,4,13,58,4,-2.6,0.2,99.0,0.0,,,0,38.5,5,2024,8,15,38.7,8,2023,7,28,20.7,8,2023,12,10,1979,2024-12-15
67376,広島県,東広島（ヒガシヒロシマ）,,2024,12,15,14,0,8.0,4,13,14,4,-1.9,1.0,1.0,1.0,,,0,35.8,5,2024,8,15,37.0,8,1994,7,17,20.3,8,2023,12,10,1979,2024-12-15
67386,広島県,本郷（ホンゴウ）,,2024,12,15,14,0,7.5,4,12,29,4,-1.6,0.0,1.0,1.0,,,0,35.2,5,2024,8,16,36.3,8,2018,7,24,19.6,8,2023,12,15,2003,2024-12-15
67401,広島県,福山（フクヤマ）,47767.0,2024,12,15,14,0,11.3,4,11,47,4,-0.5,0.6,12.0,3.0,,,0,36.8,5,2024,8,3,38.5,8,2021,8,5,21.4,8,1968,12,3,1942,2024-12-15
67421,広島県,廿日市津田（ハツカイチツタ）,,2024,12,15,14,0,5.3,4,14,0,4,-3.7,0.3,99.0,0.0,,,0,36.1,5,2024,8,15,37.4,8,1994,7,16,19.5,8,2018,12,4,1978,2024-12-15
67437,広島県,広島（ヒロシマ）,47765.0,2024,12,15,14,0,9.9,4,12,17,4,-2.0,0.9,1.0,2.0,,,0,38.7,5,2024,8,16,38.7,8,2024,8,16,22.3,8,1890,12,6,1879,2024-12-15
67461,広島県,竹原（タケハラ）,,2024,12,15,14,0,10.5,4,12,29,4,-1.2,0.9,12.0,3.0,,,0,34.6,5,2024,8,8,34.8,8,2017,8,6,21.3,8,2023,12,15,1979,2024-12-15
67471,広島県,生口島（イクチジマ）,,2024,12,15,14,0,11.0,4,12,53,4,-0.7,1.3,12.0,3.0,,,0,37.8,5,2024,8,15,37.8,8,2024,8,15,22.2,8,2023,12,15,1979,2024-12-15
67496,広島県,大竹（オオタケ）,,2024,12,15,14,0,9.8,4,12,44,4,-1.9,0.3,1.0,2.0,,,0,37.8,5,2024,7,30,38.0,8,2020,8,30,21.4,8,2018,12,4,1979,2024-12-15
67511,広島県,呉（クレ）,47766.0,2024,12,15,14,0,9.8,4,13,31,4,-1.9,0.3,1.0,1.0,,,0,36.3,5,2024,8,13,37.8,8,1948,8,20,22.7,8,2018,12,4,1894,2024-12-15
67576,広島県,呉市蒲刈（クレシカマガリ）,,2024,12,15,14,0,11.5,4,13,0,4,-0.2,0.5,12.0,2.0,,,0,36.3,5,2024,8,8,36.4,8,2023,8,20,21.4,8,2023,12,15,2009,2024-12-15
68022,島根県,西郷（サイゴウ）,47740.0,2024,12,15,14,0,9.3,4,11,34,4,-1.4,-0.7,12.0,3.0,,,0,34.8,5,2024,8,22,35.8,8,1994,8,14,20.2,8,2023,12,15,1939,2024-12-15
68046,島根県,西郷岬（サイゴウミサキ）,,2024,12,15,14,0,9.1,4,11,40,4,-0.9,0.4,12.0,3.0,,,0,34.6,5,2024,8,23,35.3,8,2018,8,13,19.4,8,2023,12,9,2003,2024-12-15
68056,島根県,海士（アマ）,,2024,12,15,14,0,9.1,4,13,2,4,-1.8,0.9,1.0,1.0,,,0,35.5,5,2024,7,26,35.9,8,2022,8,1,20.1,8,2023,12,15,1978,2024-12-15
68091,島根県,鹿島（カシマ）,,2024,12,15,14,0,9.6,4,9,55,4,-1.3,1.5,12.0,3.0,,,0,36.7,5,2024,8,23,37.5,8,2010,8,5,22.2,8,2023,12,15,1978,2024-12-15
68121,島根県,斐川（ヒカワ）,,2024,12,15,14,0,8.8,4,13,22,4,-1.6,1.0,1.0,1.0,,,0,37.4,5,2024,7,26,37.9,8,2018,8,22,23.5,8,2023,12,15,2003,2024-12-15
68132,島根県,松江（マツエ）,47741.0,2024,12,15,14,0,8.9,4,10,34,4,-1.9,1.2,1.0,1.0,,,0,38.2,5,2024,8,22,38.5,8,1994,8,1,23.4,8,2023,12,15,1940,2024-12-15
68156,島根県,出雲（イズモ）,,2024,12,15,14,0,8.5,4,12,49,4,-2.4,0.7,1.0,2.0,,,0,36.6,5,2024,7,26,38.4,8,2017,8,6,22.8,8,2023,12,15,1978,2024-12-15
68246,島根県,大田（オオダ）,,2024,12,15,14,0,9.0,4,13,30,4,-2.0,1.1,1.0,1.0,,,0,36.6,5,2024,9,10,39.2,8,2021,8,6,22.8,8,2023,12,15,1978,2024-12-15
68261,島根県,掛合（カケヤ）,,2024,12,15,14,0,4.5,4,13,12,4,-4.4,-0.4,99.0,0.0,,,0,36.6,5,2024,8,22,37.2,8,2021,8,6,21.3,8,2018,12,4,1978,2024-12-15
68276,島根県,横田（ヨコタ）,,2024,12,15,14,0,2.3,4,13,42,4,-5.3,-0.8,99.0,0.0,,,0,36.1,5,2024,8,21,36.3,8,2010,8,19,21.4,8,2018,12,4,1978,2024-12-15
68306,島根県,赤名（アカナ）,,2024,12,15,14,0,2.5,4,12,45,4,-3.8,0.7,99.0,0.0,,,0,34.8,5,2024,8,8,35.1,8,2018,7,16,17.9,8,2023,12,10,1978,2024-12-15
68351,島根県,川本（カワモト）,,2024,12,15,14,0,6.7,4,12,47,4,-2.7,1.1,1.0,3.0,,,0,37.6,5,2024,8,22,37.9,8,2021,8,6,23.8,8,2023,12,15,1978,2024-12-15
68376,島根県,浜田（ハマダ）,47755.0,2024,12,15,14,0,9.4,4,12,48,4,-2.4,-0.6,1.0,2.0,,,0,35.5,5,2024,8,22,38.5,8,2017,8,6,25.8,8,2018,12,4,1893,2024-12-15
68401,島根県,瑞穂（ミズホ）,,2024,12,15,14,0,4.3,4,14,0,4,-3.2,0.9,99.0,0.0,,,0,36.8,5,2024,8,15,36.8,8,2024,8,15,20.0,8,2023,12,10,1978,2024-12-15
68431,島根県,弥栄（ヤサカ）,,2024,12,15,14,0,3.9,4,13,35,4,-4.1,-1.4,99.0,0.0,,,0,36.0,5,2024,8,22,36.0,8,2024,8,22,22.5,8,2018,12,4,1978,2024-12-15
68456,島根県,高津（タカツ）,,2024,12,15,14,0,9.7,4,13,12,4,-1.1,0.2,12.0,3.0,,,0,37.2,5,2024,8,22,37.2,8,2024,8,22,24.1,8,2018,12,4,2003,2024-12-15
68462,島根県,益田（マスダ）,,2024,12,15,14,0,9.0,4,13,15,4,-2.7,-0.3,1.0,2.0,,,0,38.6,5,2024,8,22,39.3,8,2017,8,6,25.3,8,2018,12,4,1978,2024-12-15
68516,島根県,津和野（ツワノ）,,2024,12,15,14,0,6.2,4,13,56,4,-3.9,0.1,99.0,0.0,,,0,38.9,5,2024,8,21,38.9,8,2024,8,21,23.4,8,2018,12,4,1978,2024-12-15
68541,島根県,吉賀（ヨシカ）,,2024,12,15,14,0,5.3,4,10,35,4,-3.6,-1.0,99.0,0.0,,,0,36.2,5,2024,8,21,36.8,8,2020,8,19,22.5,8,2018,12,4,2006,2024-12-15
69006,鳥取県,境（サカイ）,47742.0,2024,12,15,14,0,8.9,4,13,11,4,-2.0,0.8,1.0,1.0,,,0,37.2,5,2024,8,23,38.5,8,2022,8,1,23.4,8,2023,12,15,1883,2024-12-15
69021,鳥取県,塩津（シオツ）,,2024,12,15,14,0,7.3,4,13,33,4,-3.5,-1.0,99.0,0.0,,,0,36.3,5,2024,8,23,37.5,8,2022,8,1,24.6,8,2018,12,4,1977,2024-12-15
69041,鳥取県,青谷（アオヤ）,,2024,12,15,14,0,8.9,4,11,1,4,-2.0,0.3,1.0,1.0,,,0,37.5,5,2024,8,23,38.5,8,2022,8,1,23.8,8,2023,12,15,1978,2024-12-15
69052,鳥取県,湖山（コヤマ）,,2024,12,15,14,0,9.5,4,13,58,4,-1.0,1.5,12.0,3.0,,,0,36.6,5,2024,7,26,39.2,8,2018,8,23,22.6,8,2023,12,15,2003,2024-12-15
69061,鳥取県,岩井（イワイ）,,2024,12,15,14,0,7.6,4,12,37,4,-2.7,,1.0,2.0,,,0,37.5,5,2024,8,23,37.6,8,2018,8,22,23.1,8,2018,12,4,1978,2024-12-15
69076,鳥取県,米子（ヨナゴ）,47744.0,2024,12,15,14,0,7.7,4,10,51,4,-3.2,0.4,99.0,0.0,,,0,38.5,5,2024,8,22,38.9,8,2022,8,1,23.7,8,2023,12,15,1939,2024-12-15
69101,鳥取県,倉吉（クラヨシ）,,2024,12,15,14,0,8.4,4,10,54,4,-2.2,1.1,1.0,1.0,,,0,36.5,5,2024,8,22,37.9,8,2023,8,2,22.9,8,2018,12,4,1978,2024-12-15
69122,鳥取県,鳥取（トットリ）,47746.0,2024,12,15,14,0,9.0,4,13,50,4,-1.7,2.4,12.0,3.0,,,0,39.4,5,2024,8,22,39.4,8,2024,8,22,22.9,8,2018,12,4,1943,2024-12-15
69246,鳥取県,智頭（チズ）,,2024,12,15,14,0,6.2,4,11,46,4,-2.8,2.7,1.0,2.0,,,0,36.7,5,2024,8,3,38.9,8,2018,8,5,20.7,8,2023,12,15,1978,2024-12-15
69271,鳥取県,茶屋（チャヤ）,,2024,12,15,14,0,1.8,4,11,48,4,-4.9,-1.4,99.0,0.0,,,0,34.4,5,2024,7,22,34.9,8,2020,8,19,18.2,8,2023,12,10,1978,2024-12-15
71066,徳島県,池田（イケダ）,,2024,12,15,14,0,8.4,4,12,55,4,-1.8,1.6,1.0,1.0,,,0,37.6,5,2024,8,22,37.6,8,2024,8,22,23.1,8,2018,12,4,1978,2024-12-15
71087,徳島県,穴吹（アナブキ）,,2024,12,15,14,0,9.2,4,13,20,4,-1.5,-0.3,1.0,1.0,,,0,38.0,5,2024,7,29,38.4,8,2020,8,17,22.4,8,2023,12,15,2001,2024-12-15
71106,徳島県,徳島（トクシマ）,47895.0,2024,12,15,14,0,10.9,4,13,24,4,-1.4,1.1,1.0,1.0,,,0,37.7,5,2024,7,29,38.4,8,1994,7,15,26.7,8,2018,12,4,1891,2024-12-15
71191,徳島県,京上（キョウジョウ）,,2024,12,15,14,0,5.5,4,12,49,4,-3.2,1.3,99.0,0.0,,,0,36.1,5,2024,8,3,36.1,8,2024,8,3,21.5,8,2018,12,4,1978,2024-12-15
71231,徳島県,蒲生田（カモダ）,,2024,12,15,14,0,12.1,4,13,39,4,-0.6,1.4,12.0,3.0,,,0,36.0,5,2024,7,30,36.3,8,2013,8,11,22.2,8,2015,12,11,1978,2024-12-15
71251,徳島県,木頭（キトウ）,,2024,12,15,14,0,9.2,4,12,49,4,-1.6,1.9,1.0,1.0,,,0,38.6,5,2024,7,29,39.0,8,2020,8,18,21.3,8,2004,12,5,1979,2024-12-15
71266,徳島県,日和佐（ヒワサ）,,2024,12,15,14,0,13.7,4,13,14,4,-0.4,1.7,12.0,2.0,,,0,38.3,5,2024,8,15,38.3,8,2024,8,15,23.8,8,2023,12,15,1976,2024-12-15
71291,徳島県,海陽（カイヨウ）,,2024,12,15,14,0,13.0,4,13,39,4,-1.1,1.3,12.0,3.0,,,0,36.4,5,2024,7,9,36.9,8,2013,8,23,24.3,8,2015,12,11,2009,2024-12-15
72061,香川県,内海（ウチノミ）,,2024,12,15,14,0,11.4,4,12,35,4,-0.6,0.8,12.0,3.0,,,0,37.4,5,2024,8,3,38.4,8,2000,8,21,21.4,8,2018,12,4,1978,2024-12-15
72086,香川県,高松（タカマツ）,47891.0,2024,12,15,14,0,10.6,4,13,24,4,-1.3,0.9,1.0,1.0,,,0,37.6,5,2024,7,28,38.6,8,2013,8,11,21.2,8,1992,12,7,1941,2024-12-15
72111,香川県,多度津（タドツ）,47890.0,2024,12,15,14,0,11.5,4,14,0,4,-0.4,1.4,12.0,2.0,,,0,37.3,5,2024,8,4,38.5,8,1994,7,16,21.9,8,2016,12,22,1892,2024-12-15
72121,香川県,滝宮（タキノミヤ）,,2024,12,15,14,0,11.1,4,13,51,4,-0.3,1.7,12.0,2.0,,,0,38.1,5,2024,8,4,38.1,8,2024,8,4,21.9,8,2016,12,22,1978,2024-12-15
72126,香川県,香南（コウナン）,,2024,12,15,14,0,9.0,4,13,25,4,-1.3,0.2,12.0,3.0,,,0,36.4,5,2024,8,9,37.8,8,2018,8,14,19.4,8,2016,12,22,2003,2024-12-15
72146,香川県,引田（ヒケタ）,,2024,12,15,14,0,10.0,4,11,18,4,-1.6,-0.1,1.0,1.0,,,0,37.1,5,2024,7,29,37.1,8,2024,7,29,23.0,8,2004,12,5,1978,2024-12-15
72161,香川県,財田（サイタ）,,2024,12,15,14,0,11.0,4,13,57,4,-0.7,2.1,12.0,3.0,,,0,37.8,5,2024,8,3,38.4,8,2017,8,6,22.8,8,2016,12,22,1978,2024-12-15
73001,愛媛県,大三島（オオミシマ）,,2024,12,15,14,0,11.1,4,12,48,4,-0.7,0.6,12.0,3.0,,,0,37.0,5,2024,8,13,38.0,8,1994,7,16,22.6,8,2023,12,15,1978,2024-12-15
73076,愛媛県,今治（イマバリ）,,2024,12,15,14,0,11.2,4,13,52,4,-0.8,0.9,12.0,3.0,,,0,37.2,5,2024,8,7,37.7,8,2008,8,3,23.3,8,2023,12,15,1976,2024-12-15
73126,愛媛県,西条（サイジョウ）,,2024,12,15,14,0,10.4,4,11,2,4,-1.4,0.2,1.0,1.0,,,0,37.1,5,2024,7,6,37.9,8,2022,8,15,23.7,8,2023,12,15,1978,2024-12-15
73141,愛媛県,新居浜（ニイハマ）,,2024,12,15,14,0,10.9,4,13,17,4,,2.1,,,,,0,36.8,5,2024,8,9,37.9,8,2020,8,16,19.9,8,2023,12,16,2016,2024-12-15
73151,愛媛県,四国中央（シコクチュウオウ）,,2024,12,15,14,0,10.0,4,13,51,4,-1.6,1.4,1.0,1.0,,,0,36.3,5,2024,8,9,38.3,8,2018,7,24,23.3,8,2023,12,15,1978,2024-12-15
73166,愛媛県,松山（マツヤマ）,47887.0,2024,12,15,14,0,10.9,4,14,0,4,-1.5,0.4,1.0,1.0,,,0,36.9,5,2024,8,16,37.4,8,2018,8,7,25.2,8,2018,12,4,1890,2024-12-15
73168,愛媛県,松山南吉田（マツヤマミナミヨシダ）,,2024,12,15,14,0,10.8,4,10,25,4,-1.6,-0.6,1.0,1.0,,,0,35.7,5,2024,8,27,37.4,8,2020,8,26,24.4,8,2018,12,4,2003,2024-12-15
73256,愛媛県,長浜（ナガハマ）,,2024,12,15,14,0,9.8,4,3,9,4,-2.4,-0.7,1.0,2.0,,,0,36.3,5,2024,7,19,36.3,8,2024,7,19,24.1,8,2018,12,4,1978,2024-12-15
73276,愛媛県,久万（クマ）,,2024,12,15,14,0,4.8,4,9,49,4,-3.9,-1.4,99.0,0.0,,,0,36.2,5,2024,8,4,36.5,8,2020,8,17,21.6,8,2018,12,4,1978,2024-12-15
73306,愛媛県,大洲（オオズ）,,2024,12,15,14,0,8.0,4,11,1,4,-3.7,-2.1,99.0,0.0,,,0,37.2,5,2024,8,4,38.3,8,2020,8,17,24.5,8,2018,12,4,1978,2024-12-15
73341,愛媛県,瀬戸（セト）,,2024,12,15,14,0,8.7,4,12,3,4,-2.5,0.1,1.0,2.0,,,0,34.0,5,2024,8,18,34.4,8,2023,8,5,20.8,8,2004,12,4,1997,2024-12-15
73406,愛媛県,宇和（ウワ）,,2024,12,15,14,0,8.6,4,12,31,4,-2.4,0.1,1.0,2.0,,,0,37.2,5,2024,8,8,38.2,8,2018,8,14,22.3,8,2004,12,4,1978,2024-12-15
73442,愛媛県,宇和島（ウワジマ）,47892.0,2024,12,15,14,0,11.7,4,13,59,4,-1.8,1.2,1.0,1.0,,,0,36.4,5,2024,8,27,40.2,8,1927,7,22,24.3,8,2004,12,4,1922,2024-12-15
73446,愛媛県,近永（チカナガ）,,2024,12,15,14,0,10.7,4,13,4,4,-1.0,1.4,12.0,3.0,,,0,37.1,5,2024,8,15,37.6,8,2013,8,12,23.5,8,2004,12,4,1979,2024-12-15
73516,愛媛県,御荘（ミショウ）,,2024,12,15,14,0,12.1,4,11,33,4,-1.6,1.1,1.0,1.0,,,0,37.8,5,2024,8,1,39.0,8,2020,8,15,24.2,8,2023,12,15,1978,2024-12-15
74056,高知県,本川（ホンガワ）,,2024,12,15,14,0,4.9,4,11,36,4,-3.1,0.5,99.0,0.0,,,0,35.8,5,2024,8,1,36.5,8,1994,7,11,20.1,8,2004,12,4,1979,2024-12-15
74071,高知県,本山（モトヤマ）,,2024,12,15,14,0,9.9,4,12,18,4,-1.1,2.5,1.0,1.0,,,0,38.1,5,2024,8,1,38.1,8,2024,8,1,22.6,8,2004,12,4,1977,2024-12-15
74136,高知県,大栃（オオドチ）,,2024,12,15,14,0,7.9,4,13,59,4,-3.7,1.3,99.0,0.0,,,0,37.8,5,2024,7,29,38.5,8,2020,8,16,22.3,8,2004,12,4,1977,2024-12-15
74182,高知県,高知（コウチ）,47893.0,2024,12,15,14,0,11.9,4,12,3,4,-2.3,0.0,1.0,3.0,,,0,37.7,5,2024,7,30,38.4,8,1965,8,22,23.5,8,1968,12,3,1886,2024-12-15
74187,高知県,後免（ゴメン）,,2024,12,15,14,0,11.5,4,13,41,4,-2.1,0.6,1.0,2.0,,,0,37.2,5,2024,7,31,37.2,8,2024,7,31,22.8,8,2004,12,5,1978,2024-12-15
74188,高知県,南国日章（ナンコクニッショウ）,,2024,12,15,14,0,12.5,4,12,11,4,-1.4,0.5,12.0,3.0,,,0,39.4,5,2024,8,16,39.4,8,2024,8,16,22.9,8,2018,12,4,2003,2024-12-15
74271,高知県,安芸（アキ）,,2024,12,15,14,0,12.5,4,13,5,4,-1.8,2.6,1.0,1.0,,,0,35.4,5,2024,8,31,36.5,8,2016,8,21,23.7,8,2018,12,4,1977,2024-12-15
74296,高知県,梼原（ユスハラ）,,2024,12,15,14,0,5.6,4,11,58,4,-4.1,-2.9,99.0,0.0,,,0,37.7,5,2024,8,17,38.7,8,2013,8,12,20.8,8,2023,12,15,1977,2024-12-15
74311,高知県,須崎（スサキ）,,2024,12,15,14,0,11.1,4,10,32,4,-3.2,-0.4,99.0,0.0,,,0,38.3,5,2024,7,29,39.3,8,2006,8,8,23.8,8,2003,12,6,1977,2024-12-15
74361,高知県,窪川（クボカワ）,,2024,12,15,14,0,9.9,4,12,14,4,-2.7,-0.8,99.0,0.0,,,0,37.7,5,2024,8,16,38.8,8,2013,8,11,22.1,8,2004,12,4,1977,2024-12-15
74372,高知県,室戸岬（ムロトミサキ）,47899.0,2024,12,15,14,0,10.4,4,13,18,4,-2.4,0.9,1.0,2.0,,,0,33.6,5,2024,8,16,35.0,8,1942,7,30,22.0,8,1968,12,3,1920,2024-12-15
74381,高知県,江川崎（エカワサキ）,,2024,12,15,14,0,12.0,4,13,22,4,-0.1,1.5,12.0,2.0,,,0,39.9,5,2024,8,8,41.0,8,2013,8,12,23.8,8,2004,12,4,1977,2024-12-15
74436,高知県,佐賀（サガ）,,2024,12,15,14,0,12.7,4,11,58,4,-1.0,0.9,12.0,3.0,,,0,38.0,5,2024,7,5,38.6,8,2013,7,25,23.0,8,2004,12,4,1977,2024-12-15
74447,高知県,宿毛（スクモ）,47897.0,2024,12,15,14,0,11.8,4,13,42,4,-2.0,0.7,1.0,2.0,,,0,38.3,5,2024,8,16,39.5,8,2020,8,15,24.3,8,2004,12,4,1943,2024-12-15
74456,高知県,中村（ナカムラ）,,2024,12,15,14,0,11.3,4,13,22,4,-2.2,0.3,1.0,3.0,,,0,39.8,5,2024,8,16,39.8,8,2024,8,16,23.4,8,2004,12,4,1976,2024-12-15
74516,高知県,清水（シミズ）,47898.0,2024,12,15,14,0,11.1,4,11,49,4,-3.4,0.6,99.0,0.0,,,0,37.2,5,2024,8,16,37.2,8,2024,8,16,23.9,8,2023,12,15,1940,2024-12-15
81011,山口県,須佐（スサ）,,2024,12,15,14,0,9.5,4,13,43,4,-1.7,0.5,1.0,1.0,,,0,37.0,5,2024,8,22,37.3,8,2023,8,3,24.4,8,2018,12,4,1977,2024-12-15
81071,山口県,萩（ハギ）,47754.0,2024,12,15,14,0,10.1,4,11,28,4,-1.5,0.6,1.0,1.0,,,0,37.2,5,2024,8,23,38.3,8,2017,8,6,24.2,8,2018,12,4,1948,2024-12-15
81116,山口県,油谷（ユヤ）,,2024,12,15,14,0,9.0,4,14,0,4,-2.8,-0.3,99.0,0.0,,,0,36.8,5,2024,8,22,36.8,8,2024,8,22,23.9,8,2018,12,4,1977,2024-12-15
81151,山口県,徳佐（トクサ）,,2024,12,15,14,0,5.0,4,12,8,4,-3.8,-0.5,99.0,0.0,,,0,35.6,5,2024,8,8,36.4,8,2021,8,6,21.8,8,2018,12,4,1977,2024-12-15
81196,山口県,秋吉台（アキヨシダイ）,,2024,12,15,14,0,5.6,4,11,31,4,-4.0,-2.5,99.0,0.0,,,0,34.8,5,2024,8,14,35.6,8,2018,7,26,20.4,8,2018,12,4,1977,2024-12-15
81231,山口県,広瀬（ヒロセ）,,2024,12,15,14,0,8.1,4,12,32,4,-2.4,-0.2,1.0,3.0,,,0,39.0,5,2024,8,15,39.0,8,2024,8,15,20.5,8,2018,12,4,1976,2024-12-15
81266,山口県,豊田（トヨタ）,,2024,12,15,14,0,8.0,4,13,53,4,-2.9,-0.8,99.0,0.0,,,0,36.0,5,2024,8,8,36.2,8,2001,8,2,23.2,8,2018,12,4,1977,2024-12-15
81286,山口県,山口（ヤマグチ）,47784.0,2024,12,15,14,0,7.1,4,11,56,4,-4.3,-2.5,99.0,0.0,,,0,38.8,5,2024,8,8,38.8,8,2024,8,8,23.3,8,2018,12,4,1966,2024-12-15
81321,山口県,岩国（イワクニ）,,2024,12,15,14,0,10.5,4,12,26,4,-0.7,0.8,12.0,3.0,,,0,38.3,5,2024,7,30,38.3,8,2024,7,30,21.3,8,2018,12,4,1977,2024-12-15
81371,山口県,防府（ホウフ）,,2024,12,15,14,0,7.5,4,13,19,4,-4.3,-2.4,99.0,0.0,,,0,37.6,5,2024,8,16,37.7,8,2013,8,11,23.9,8,2018,12,4,1977,2024-12-15
81386,山口県,下松（クダマツ）,,2024,12,15,14,0,9.0,4,13,9,4,-2.5,-2.0,1.0,3.0,,,0,36.9,5,2024,8,2,37.2,8,2023,8,6,21.9,8,2018,12,4,1977,2024-12-15
81397,山口県,玖珂（クガ）,,2024,12,15,14,0,9.2,4,12,33,4,-2.2,-0.4,1.0,2.0,,,0,38.1,5,2024,8,15,38.1,8,2024,8,15,21.7,8,2023,12,10,1977,2024-12-15
81428,山口県,下関（シモノセキ）,47762.0,2024,12,15,14,0,10.0,4,12,9,4,-2.0,0.0,1.0,1.0,,,0,36.1,5,2024,8,5,37.0,8,1960,8,10,26.2,8,2018,12,4,1883,2024-12-15
81436,山口県,宇部（ウベ）,,2024,12,15,14,0,9.5,4,13,45,4,-2.0,-0.7,1.0,2.0,,,0,36.8,5,2024,8,16,37.0,8,2016,8,20,22.8,8,2018,12,4,2001,2024-12-15
81481,山口県,柳井（ヤナイ）,,2024,12,15,14,0,10.3,4,13,28,4,-1.6,-1.0,1.0,1.0,,,0,36.7,5,2024,8,2,36.7,8,2024,8,2,22.3,8,2018,12,4,1977,2024-12-15
81486,山口県,安下庄（アゲノショウ）,,2024,12,15,14,0,11.3,4,13,33,4,-0.9,-0.3,12.0,3.0,,,0,35.5,5,2024,8,18,35.7,8,2023,8,20,21.7,8,2023,12,15,1977,2024-12-15
82046,福岡県,宗像（ムナカタ）,,2024,12,15,14,0,10.2,4,13,17,4,-1.7,0.8,1.0,1.0,,,0,38.2,5,2024,8,20,38.2,8,2024,8,20,24.8,8,2018,12,4,1977,2024-12-15
82056,福岡県,八幡（ヤハタ）,,2024,12,15,14,0,8.9,4,13,49,4,-3.1,-0.3,99.0,0.0,,,0,37.6,5,2024,8,20,37.6,8,2024,8,20,24.8,8,2018,12,4,1977,2024-12-15
82068,福岡県,空港北町（クウコウキタマチ）,,2024,12,15,14,0,9.9,4,11,14,4,-1.5,0.0,1.0,1.0,,,0,35.8,5,2024,8,6,36.4,8,2016,8,10,25.5,8,2018,12,4,2006,2024-12-15
82101,福岡県,行橋（ユクハシ）,,2024,12,15,14,0,9.6,4,13,48,4,-2.2,-0.1,1.0,2.0,,,0,38.0,5,2024,8,8,38.5,8,2013,8,11,25.5,8,2018,12,4,1977,2024-12-15
82136,福岡県,飯塚（イイヅカ）,47809.0,2024,12,15,14,0,9.1,4,13,23,4,-2.6,0.3,99.0,0.0,,,0,37.8,5,2024,8,2,38.3,8,2020,8,20,25.3,8,2018,12,4,1935,2024-12-15
82171,福岡県,前原（マエバル）,,2024,12,15,14,0,9.7,4,12,25,4,-2.5,-0.2,1.0,2.0,,,0,38.5,5,2024,8,20,38.9,8,2017,8,5,25.9,8,2018,12,4,1977,2024-12-15
82182,福岡県,福岡（フクオカ）,47807.0,2024,12,15,14,0,9.7,4,12,43,4,-2.7,-0.5,99.0,0.0,,,0,38.0,5,2024,9,19,38.3,8,2018,7,20,26.0,8,2018,12,4,1890,2024-12-15
82186,福岡県,博多（ハカタ）,,2024,12,15,14,0,9.9,4,12,12,4,-2.2,0.1,1.0,2.0,,,0,38.2,5,2024,8,21,38.2,8,2024,8,21,26.4,8,2018,12,4,2003,2024-12-15
82191,福岡県,太宰府（ダザイフ）,,2024,12,15,14,0,9.0,4,12,53,4,-2.8,-0.5,99.0,0.0,,,0,39.3,5,2024,8,2,39.3,8,2024,8,2,24.9,8,2018,12,4,1977,2024-12-15
82206,福岡県,添田（ソエダ）,,2024,12,15,14,0,9.0,4,10,57,4,-2.1,0.2,1.0,2.0,,,0,37.1,5,2024,8,3,37.8,8,2018,8,14,23.6,8,2023,12,15,1977,2024-12-15
82261,福岡県,朝倉（アサクラ）,,2024,12,15,14,0,8.7,4,13,28,4,-3.1,-0.4,99.0,0.0,,,0,38.3,5,2024,8,5,38.8,8,1994,7,16,24.2,8,2018,12,4,1977,2024-12-15
82306,福岡県,久留米（クルメ）,,2024,12,15,14,0,10.4,4,12,31,4,-1.7,-0.2,1.0,1.0,,,0,39.5,5,2024,8,5,39.5,8,2024,8,5,23.9,8,2018,12,4,1977,2024-12-15
82317,福岡県,黒木（クロギ）,,2024,12,15,14,0,8.9,4,12,40,4,-2.4,0.2,99.0,0.0,,,0,38.3,5,2024,8,4,39.2,8,1994,7,16,23.9,8,1984,12,10,1977,2024-12-15
82361,福岡県,大牟田（オオムタ）,,2024,12,15,14,0,10.7,4,12,12,4,-1.3,0.7,1.0,1.0,,,0,38.1,5,2024,8,4,38.1,8,2024,8,4,23.6,8,2023,12,15,1977,2024-12-15
83021,大分県,国見（クニミ）,,2024,12,15,14,0,10.3,4,11,50,4,-1.8,0.5,1.0,1.0,,,0,35.9,5,2024,8,14,37.3,8,2013,8,10,27.0,8,2018,12,4,1977,2024-12-15
83051,大分県,中津（ナカツ）,,2024,12,15,14,0,9.9,4,11,21,4,-1.3,-0.4,1.0,1.0,,,0,37.0,5,2024,7,9,37.9,8,2013,7,25,25.7,8,2018,12,4,2011,2024-12-15
83061,大分県,豊後高田（ブンゴタカダ）,,2024,12,15,14,0,9.2,4,14,0,4,-2.4,-0.2,1.0,2.0,,,0,37.7,5,2024,8,23,37.7,8,2024,8,23,26.3,8,2018,12,4,1977,2024-12-15
83106,大分県,院内（インナイ）,,2024,12,15,14,0,10.1,4,11,0,4,-1.4,1.1,1.0,1.0,,,0,37.6,5,2024,8,23,37.8,8,2015,7,31,24.5,8,2018,12,4,1977,2024-12-15
83121,大分県,杵築（キツキ）,,2024,12,15,14,0,10.9,4,13,55,4,-1.5,0.5,1.0,1.0,,,0,36.6,5,2024,8,16,37.4,8,2020,8,18,24.2,8,2016,12,22,1978,2024-12-15
83126,大分県,武蔵（ムサシ）,,2024,12,15,14,0,10.9,4,11,53,4,-1.3,1.2,12.0,3.0,,,0,35.5,5,2024,7,29,36.3,8,2020,8,16,24.2,8,2018,12,4,2003,2024-12-15
83137,大分県,日田（ヒタ）,47814.0,2024,12,15,14,0,9.5,4,13,39,4,-2.3,-0.2,1.0,2.0,,,0,39.3,5,2024,8,5,39.9,8,2018,8,13,24.7,8,2018,12,4,1942,2024-12-15
83191,大分県,玖珠（クス）,,2024,12,15,14,0,7.2,4,11,12,4,-2.7,-0.2,99.0,0.0,,,0,37.7,5,2024,8,20,38.8,8,1994,7,18,22.6,8,2018,12,4,1977,2024-12-15
83201,大分県,湯布院（ユフイン）,,2024,12,15,14,0,7.2,4,13,37,4,-2.3,1.3,1.0,2.0,,,0,35.3,5,2024,8,3,35.9,8,2013,8,10,21.8,8,2018,12,4,1977,2024-12-15
83216,大分県,大分（オオイタ）,47815.0,2024,12,15,14,0,12.7,4,12,20,4,-0.2,1.5,12.0,2.0,,,0,37.4,5,2024,7,27,37.8,8,2013,7,24,25.0,8,2018,12,4,1887,2024-12-15
83341,大分県,犬飼（イヌカイ）,,2024,12,15,14,0,12.8,4,13,34,4,0.3,2.1,12.0,2.0,,,0,39.2,5,2024,7,30,39.2,8,2024,7,30,23.7,8,2016,12,22,1977,2024-12-15
83371,大分県,竹田（タケタ）,,2024,12,15,14,0,9.6,4,13,25,4,-1.5,1.3,1.0,1.0,,,0,38.1,5,2024,8,1,38.1,8,2024,8,1,23.5,8,2018,12,4,1977,2024-12-15
83401,大分県,佐伯（サイキ）,,2024,12,15,14,0,11.4,4,14,0,4,-1.7,0.7,1.0,1.0,,,0,36.6,5,2024,8,23,36.6,8,2024,8,23,24.3,8,2018,12,4,1977,2024-12-15
83431,大分県,宇目（ウメ）,,2024,12,15,14,0,11.6,4,12,24,4,-0.7,1.5,12.0,3.0,,,0,37.8,5,2024,8,1,38.1,8,2013,8,10,23.8,8,2023,12,15,1977,2024-12-15
83476,大分県,蒲江（カマエ）,,2024,12,15,14,0,13.1,4,13,10,4,-0.7,2.1,12.0,3.0,,,0,36.3,5,2024,8,10,38.3,8,2020,8,18,23.8,8,2023,12,15,1977,2024-12-15
84012,長崎県,鰐浦（ワニウラ）,,2024,12,15,14,0,8.1,4,12,16,4,-2.7,0.5,99.0,0.0,,,0,34.7,5,2024,8,22,36.0,8,2013,8,19,21.5,8,2018,12,3,1995,2024-12-15
84072,長崎県,厳原（イヅハラ）,47800.0,2024,12,15,14,0,9.0,4,13,36,4,-2.4,0.8,1.0,2.0,,,0,35.6,5,2024,8,3,36.9,8,2018,7,26,22.3,8,1954,12,1,1886,2024-12-15
84076,長崎県,美津島（ミツシマ）,,2024,12,15,14,0,7.6,4,13,58,4,-2.6,0.0,99.0,0.0,,,0,34.3,5,2024,8,3,35.7,8,2013,8,10,21.9,8,2018,12,4,2003,2024-12-15
84121,長崎県,芦辺（アシベ）,,2024,12,15,14,0,8.7,4,12,2,4,-2.3,0.1,1.0,2.0,,,0,35.0,5,2024,8,8,35.0,8,2024,8,8,22.7,8,2018,12,4,1977,2024-12-15
84122,長崎県,石田（イシダ）,,2024,12,15,14,0,9.1,4,10,47,4,-2.7,-0.2,99.0,0.0,,,0,34.6,5,2024,8,3,35.0,8,2016,8,13,23.4,8,2018,12,4,2003,2024-12-15
84171,長崎県,平戸（ヒラド）,47805.0,2024,12,15,14,0,9.5,4,12,58,4,-2.4,0.2,1.0,2.0,,,0,34.5,5,2024,7,25,35.1,8,1960,8,7,23.1,8,2018,12,4,1940,2024-12-15
84183,長崎県,松浦（マツウラ）,,2024,12,15,14,0,9.6,4,13,27,4,-2.1,-0.4,99.0,0.0,,,0,37.0,5,2024,7,25,37.0,8,2024,7,25,23.7,8,2018,12,4,2011,2024-12-15
84266,長崎県,佐世保（サセボ）,47812.0,2024,12,15,14,0,10.2,4,12,27,4,-2.5,0.2,1.0,2.0,,,0,37.7,5,2024,8,8,38.1,8,2023,8,6,23.9,8,2018,12,4,1946,2024-12-15
84306,長崎県,西海（サイカイ）,,2024,12,15,14,0,10.3,4,10,53,4,,-0.1,,,,,0,37.1,5,2024,9,15,38.0,8,2023,8,6,21.9,8,2023,12,15,2021,2024-12-15
84341,長崎県,有川（アリカワ）,,2024,12,15,14,0,10.0,4,13,54,4,-2.9,-0.1,99.0,0.0,,,0,36.8,5,2024,8,4,36.8,8,2024,8,4,24.2,8,2018,12,4,1977,2024-12-15
84371,長崎県,大村（オオムラ）,,2024,12,15,14,0,10.9,4,11,27,4,-1.8,0.3,1.0,1.0,,,0,38.1,5,2024,9,19,38.7,8,2018,8,12,24.9,8,2018,12,4,1996,2024-12-15
84496,長崎県,長崎（ナガサキ）,47817.0,2024,12,15,14,0,9.7,4,13,10,4,-3.1,-0.6,99.0,0.0,,,0,36.7,5,2024,9,18,37.7,8,2013,8,18,23.8,8,1890,12,3,1878,2024-12-15
84519,長崎県,雲仙岳（ウンゼンダケ）,47818.0,2024,12,15,14,0,5.0,4,10,58,4,-3.3,-0.6,99.0,0.0,,,0,32.0,5,2024,8,3,33.2,8,2017,8,2,18.6,8,2018,12,4,1924,2024-12-15
84523,長崎県,島原（シマバラ）,,2024,12,15,14,0,10.6,4,11,0,4,-1.6,0.2,1.0,1.0,,,0,39.2,5,2024,8,4,39.2,8,2024,8,4,25.2,8,2023,12,15,2006,2024-12-15
84536,長崎県,福江（フクエ）,47843.0,2024,12,15,14,0,11.3,4,11,56,4,-1.8,1.6,1.0,1.0,,,0,35.2,5,2024,8,9,35.9,8,2013,8,19,23.3,8,2018,12,4,1962,2024-12-15
84537,長崎県,上大津（カミオオヅ）,,2024,12,15,14,0,11.4,4,11,33,4,-0.9,2.2,12.0,3.0,,,0,34.0,5,2024,8,9,36.9,8,2013,8,19,22.9,8,2018,12,4,2003,2024-12-15
84561,長崎県,口之津（クチノツ）,,2024,12,15,14,0,10.0,4,10,59,4,-3.1,-1.3,99.0,0.0,,,0,37.8,5,2024,9,14,38.8,8,2009,8,7,24.4,8,2018,12,4,1976,2024-12-15
84597,長崎県,脇岬（ワキミサキ）,,2024,12,15,14,0,11.4,4,11,28,4,,0.9,,,,,0,35.5,5,2024,9,18,36.2,8,2023,8,5,21.0,8,2023,12,15,2021,2024-12-15
85033,佐賀県,唐津（カラツ）,,2024,12,15,14,0,9.5,4,12,7,4,-2.2,-0.8,99.0,0.0,,,0,37.3,5,2024,8,2,37.3,8,2024,8,2,24.8,8,2018,12,4,2010,2024-12-15
85116,佐賀県,伊万里（イマリ）,,2024,12,15,14,0,9.8,4,13,43,4,-2.1,-0.4,1.0,2.0,,,0,36.9,5,2024,9,15,37.8,8,2018,8,14,24.0,8,2018,12,4,1977,2024-12-15
85142,佐賀県,佐賀（サガ）,47813.0,2024,12,15,14,0,10.3,4,13,20,4,-1.8,-0.2,1.0,1.0,,,0,38.3,5,2024,8,5,39.6,8,1994,7,16,24.6,8,2018,12,4,1890,2024-12-15
85161,佐賀県,嬉野（ウレシノ）,,2024,12,15,14,0,9.0,4,11,16,4,-2.4,-0.2,99.0,0.0,,,0,37.7,5,2024,8,27,39.0,8,2018,8,13,23.2,8,2018,12,4,1977,2024-12-15
85166,佐賀県,白石（シロイシ）,,2024,12,15,14,0,9.9,4,12,56,4,-2.0,0.1,1.0,2.0,,,0,38.0,5,2024,8,14,39.0,8,1994,7,16,24.2,8,2018,12,4,1977,2024-12-15
85176,佐賀県,川副（カワソエ）,,2024,12,15,14,0,10.3,4,12,56,4,-1.4,-0.5,12.0,3.0,,,0,36.6,5,2024,8,4,37.1,8,2018,8,7,23.0,8,2018,12,4,2003,2024-12-15
86006,熊本県,鹿北（カホク）,,2024,12,15,14,0,11.4,4,11,11,4,-0.2,1.4,12.0,2.0,,,0,37.3,5,2024,8,24,37.3,8,2024,8,24,24.0,8,1984,12,10,1977,2024-12-15
86066,熊本県,南小国（ミナミオグニ）,,2024,12,15,14,0,7.2,4,11,27,4,-2.6,1.0,1.0,3.0,,,0,35.3,5,2024,8,4,36.5,8,2020,8,19,21.7,8,2018,12,4,1977,2024-12-15
86086,熊本県,岱明（タイメイ）,,2024,12,15,14,0,10.8,4,12,32,4,-1.9,0.5,1.0,1.0,,,0,38.4,5,2024,8,4,38.4,8,2024,8,4,23.9,8,2018,12,4,1977,2024-12-15
86101,熊本県,菊池（キクチ）,,2024,12,15,14,0,9.3,4,12,4,4,-2.8,-0.5,99.0,0.0,,,0,37.7,5,2024,7,25,38.8,8,2018,7,19,23.7,8,2018,12,4,1977,2024-12-15
86111,熊本県,阿蘇乙姫（アソオトヒメ）,,2024,12,15,14,0,5.8,4,12,43,4,-3.5,-0.4,99.0,0.0,,,0,34.5,5,2024,8,8,34.9,8,2016,8,11,20.2,8,2018,12,4,1978,2024-12-15
86141,熊本県,熊本（クマモト）,47819.0,2024,12,15,14,0,9.7,4,13,0,4,-3.0,-0.6,99.0,0.0,,,0,38.8,5,2024,8,4,38.8,8,2024,8,4,24.6,8,1936,12,17,1890,2024-12-15
86146,熊本県,益城（マシキ）,,2024,12,15,14,0,8.5,4,11,6,4,-2.9,-0.6,99.0,0.0,,,0,36.7,5,2024,8,13,37.3,8,2016,8,23,23.0,8,2018,12,4,2003,2024-12-15
86157,熊本県,南阿蘇（ミナミアソ）,,2024,12,15,14,0,7.0,4,11,36,4,,0.4,,,,,0,36.4,5,2024,8,3,36.4,8,2024,8,3,21.9,8,2018,12,4,2015,2024-12-15
86161,熊本県,高森（タカモリ）,,2024,12,15,14,0,5.5,4,12,41,4,-3.6,-0.1,99.0,0.0,,,0,35.0,5,2024,8,3,35.0,8,2024,8,3,21.0,8,2018,12,4,1977,2024-12-15
86216,熊本県,三角（ミスミ）,,2024,12,15,14,0,10.6,4,12,34,4,-1.7,0.7,1.0,1.0,,,0,38.4,5,2024,8,9,38.4,8,2024,8,9,24.8,8,2018,12,4,1977,2024-12-15
86236,熊本県,甲佐（コウサ）,,2024,12,15,14,0,11.0,4,11,20,4,-1.6,0.2,1.0,1.0,,,0,38.9,5,2024,8,24,38.9,8,2024,8,24,24.6,8,2018,12,4,1977,2024-12-15
86271,熊本県,松島（マツシマ）,,2024,12,15,14,0,10.7,4,11,29,4,-1.8,0.1,1.0,1.0,,,0,37.4,5,2024,7,25,37.4,8,2024,7,25,25.6,8,2018,12,4,1977,2024-12-15
86316,熊本県,本渡（ホンド）,,2024,12,15,14,0,10.8,4,11,1,4,-1.9,-1.2,1.0,1.0,,,0,38.1,5,2024,8,4,38.1,8,2024,8,4,25.1,8,2018,12,4,1977,2024-12-15
86336,熊本県,八代（ヤツシロ）,,2024,12,15,14,0,13.0,4,13,5,4,0.1,2.7,12.0,2.0,,,0,38.7,5,2024,8,20,38.7,8,2024,8,20,24.8,8,2018,12,4,1977,2024-12-15
86451,熊本県,水俣（ミナマタ）,,2024,12,15,14,0,10.4,4,12,45,4,-2.7,-0.3,99.0,0.0,,,0,37.7,5,2024,8,20,38.1,8,2018,8,13,24.6,8,2023,12,15,1977,2024-12-15
86467,熊本県,人吉（ヒトヨシ）,47824.0,2024,12,15,14,0,11.1,4,13,4,4,-0.8,1.1,12.0,3.0,,,0,38.2,5,2024,8,4,38.2,8,2024,8,4,22.7,8,2018,12,4,1943,2024-12-15
86477,熊本県,上（ウエ）,,2024,12,15,14,0,10.7,4,13,17,4,-1.2,0.4,1.0,1.0,,,0,38.4,5,2024,8,4,38.4,8,2024,8,4,21.6,8,2018,12,4,1977,2024-12-15
86491,熊本県,牛深（ウシブカ）,47838.0,2024,12,15,14,0,12.9,4,13,31,4,-1.0,1.7,12.0,3.0,,,0,37.1,5,2024,9,18,39.6,8,2013,8,20,24.0,8,2018,12,4,1949,2024-12-15
87041,宮崎県,高千穂（タカチホ）,,2024,12,15,14,0,9.0,4,13,26,4,-2.3,1.9,1.0,2.0,,,0,37.4,5,2024,8,3,37.4,8,2024,8,3,22.8,8,1992,12,1,1977,2024-12-15
87066,宮崎県,古江（フルエ）,,2024,12,15,14,0,13.0,4,13,59,4,-1.4,1.5,1.0,1.0,,,0,37.3,5,2024,8,12,38.9,8,2004,7,29,23.4,8,2023,12,15,1977,2024-12-15
87071,宮崎県,鞍岡（クラオカ）,,2024,12,15,14,0,6.4,4,12,58,4,-2.8,0.7,99.0,0.0,,,0,35.6,5,2024,8,3,35.6,8,2024,8,3,21.5,8,2018,12,4,1979,2024-12-15
87141,宮崎県,延岡（ノベオカ）,47822.0,2024,12,15,14,0,12.2,4,13,5,4,-1.9,1.2,1.0,2.0,,,0,36.5,5,2024,8,9,38.5,8,2004,7,30,23.3,8,1982,12,11,1961,2024-12-15
87181,宮崎県,日向（ヒュウガ）,,2024,12,15,14,0,14.6,4,13,53,4,0.0,2.7,12.0,2.0,,,0,38.5,5,2024,7,9,38.9,8,2013,8,23,26.5,8,2023,12,15,1977,2024-12-15
87206,宮崎県,神門（ミカド）,,2024,12,15,14,0,12.2,4,12,36,4,-1.2,1.4,1.0,1.0,,,0,38.7,5,2024,8,16,39.2,8,2020,8,18,23.7,8,1992,12,1,1979,2024-12-15
87231,宮崎県,西米良（ニシメラ）,,2024,12,15,14,0,11.0,4,12,57,4,-1.7,1.5,1.0,2.0,,,0,37.9,5,2024,8,16,39.7,8,2020,8,17,23.0,8,2023,12,15,1979,2024-12-15
87293,宮崎県,高鍋（タカナベ）,,2024,12,15,14,0,13.1,4,14,0,4,,0.4,,,,,0,36.9,5,2024,7,8,36.9,8,2024,7,8,24.4,8,2023,12,15,2017,2024-12-15
87301,宮崎県,加久藤（カクトウ）,,2024,12,15,14,0,10.8,4,13,55,4,-1.9,1.5,1.0,2.0,,,0,38.5,5,2024,8,4,39.4,8,2020,8,17,22.8,8,1992,12,1,1977,2024-12-15
87331,宮崎県,西都（サイト）,,2024,12,15,14,0,13.5,4,13,49,4,-1.5,0.7,1.0,1.0,,,0,37.3,5,2024,8,16,38.4,8,2013,7,31,24.6,8,2023,12,15,1977,2024-12-15
87352,宮崎県,小林（コバヤシ）,,2024,12,15,14,0,9.9,4,13,13,4,-2.4,0.5,99.0,0.0,,,0,37.7,5,2024,8,1,38.3,8,2020,8,18,22.6,8,2018,12,4,2000,2024-12-15
87376,宮崎県,宮崎（ミヤザキ）,47830.0,2024,12,15,14,0,14.1,4,13,8,4,-0.7,1.2,12.0,3.0,,,0,38.2,5,2024,7,30,38.2,8,2024,7,30,25.6,8,2023,12,15,1886,2024-12-15
87406,宮崎県,田野（タノ）,,2024,12,15,14,0,12.0,4,13,0,4,,0.9,,,,,0,37.1,5,2024,7,31,37.1,8,2024,7,31,25.1,8,2023,12,15,2017,2024-12-15
87412,宮崎県,赤江（アカエ）,,2024,12,15,14,0,13.6,4,13,59,4,-1.3,0.9,12.0,3.0,,,0,37.9,5,2024,7,30,38.6,8,2013,8,1,25.3,8,2023,12,15,2003,2024-12-15
87426,宮崎県,都城（ミヤコノジョウ）,47829.0,2024,12,15,14,0,12.1,4,13,39,4,-1.9,0.7,1.0,2.0,,,0,38.0,5,2024,8,4,39.4,8,2020,8,18,24.4,8,1968,12,3,1942,2024-12-15
87492,宮崎県,油津（アブラツ）,47835.0,2024,12,15,14,0,14.0,4,14,0,4,-1.5,0.9,1.0,1.0,,,0,37.2,5,2024,7,30,38.1,8,2013,8,2,24.3,8,2023,12,15,1949,2024-12-15
87501,宮崎県,串間（クシマ）,,2024,12,15,14,0,13.4,4,12,11,4,-1.8,0.3,1.0,1.0,,,0,37.1,5,2024,7,30,37.3,8,2013,8,2,24.1,8,1992,12,1,1977,2024-12-15
88061,鹿児島県,阿久根（アクネ）,47823.0,2024,12,15,14,0,11.2,4,13,45,4,-2.2,0.5,1.0,2.0,,,0,36.2,5,2024,7,25,37.1,8,2018,8,13,23.7,8,1972,12,23,1939,2024-12-15
88081,鹿児島県,大口（オオクチ）,,2024,12,15,14,0,10.6,4,13,29,4,-2.1,1.0,1.0,2.0,,,0,38.0,5,2024,8,3,38.0,8,2024,8,3,24.0,8,2018,12,4,1977,2024-12-15
88107,鹿児島県,さつま柏原（サツマカシワバル）,,2024,12,15,14,0,11.0,4,14,0,4,-2.7,0.6,99.0,0.0,,,0,38.1,5,2024,8,3,38.1,8,2024,8,3,24.2,8,2018,12,4,1976,2024-12-15
88131,鹿児島県,中甑（ナカコシキ）,,2024,12,15,14,0,12.5,4,13,47,4,-1.8,0.7,1.0,1.0,,,0,36.6,5,2024,8,4,37.5,8,2013,8,19,24.6,8,2023,12,15,1977,2024-12-15
88151,鹿児島県,川内（センダイ）,,2024,12,15,14,0,11.1,4,12,28,4,-2.8,-0.2,99.0,0.0,,,0,37.3,5,2024,8,5,37.3,8,2024,8,5,24.5,8,2023,12,15,1977,2024-12-15
88166,鹿児島県,溝辺（ミゾベ）,,2024,12,15,14,0,10.9,4,13,24,4,-1.7,0.8,1.0,1.0,,,0,34.8,5,2024,8,9,36.2,8,2020,8,18,21.7,8,2018,12,4,1995,2024-12-15
88261,鹿児島県,東市来（ヒガシイチキ）,,2024,12,15,14,0,11.0,4,13,22,4,-3.2,-0.6,99.0,0.0,,,0,35.7,5,2024,8,24,36.3,8,2013,8,19,23.6,8,2018,12,4,1977,2024-12-15
88286,鹿児島県,牧之原（マキノハラ）,,2024,12,15,14,0,10.2,4,14,0,4,-1.4,1.2,1.0,1.0,,,0,35.1,5,2024,8,4,35.1,8,2024,8,4,21.5,8,2004,12,4,1977,2024-12-15
88317,鹿児島県,鹿児島（カゴシマ）,47827.0,2024,12,15,14,0,13.4,4,13,14,4,-1.7,0.3,1.0,1.0,,,0,37.2,5,2024,7,31,37.4,8,2016,8,22,24.7,8,1992,12,1,1883,2024-12-15
88331,鹿児島県,輝北（キホク）,,2024,12,15,14,0,9.4,4,13,35,4,-2.5,1.1,99.0,0.0,,,0,35.7,5,2024,8,8,36.4,8,2020,8,17,21.9,8,2023,12,15,1977,2024-12-15
88371,鹿児島県,加世田（カセダ）,,2024,12,15,14,0,10.5,4,13,24,4,-4.3,-1.2,99.0,0.0,,,0,36.4,5,2024,8,14,36.4,8,2024,8,14,24.9,8,2018,12,4,1977,2024-12-15
88406,鹿児島県,志布志（シブシ）,,2024,12,15,14,0,13.7,4,13,54,4,-1.5,0.9,1.0,1.0,,,0,36.5,5,2024,7,31,36.7,8,2020,8,16,25.5,8,2023,12,15,1977,2024-12-15
88432,鹿児島県,喜入（キイレ）,,2024,12,15,14,0,12.6,4,13,41,4,-2.4,-0.2,99.0,0.0,,,0,37.0,5,2024,8,9,37.4,8,2016,8,22,25.5,8,2004,12,4,1977,2024-12-15
88442,鹿児島県,鹿屋（カノヤ）,,2024,12,15,14,0,12.9,4,13,53,4,-1.9,-0.1,1.0,1.0,,,0,37.5,5,2024,8,9,37.6,8,2020,8,18,24.6,8,2004,12,4,1977,2024-12-15
88447,鹿児島県,肝付前田（キモツキマエダ）,,2024,12,15,14,0,14.1,4,11,25,4,-0.9,0.0,12.0,3.0,,,0,38.5,5,2024,8,9,38.5,8,2024,8,9,26.3,8,2023,12,15,1977,2024-12-15
88466,鹿児島県,枕崎（マクラザキ）,47831.0,2024,12,15,14,0,10.6,4,13,30,4,-4.3,-1.5,99.0,0.0,,,0,36.4,5,2024,8,3,36.9,8,2020,8,18,24.3,8,2018,12,4,1923,2024-12-15
88486,鹿児島県,指宿（イブスキ）,,2024,12,15,14,0,12.6,4,13,44,4,-2.4,-0.3,99.0,0.0,,,0,36.9,5,2024,8,8,36.9,8,2024,8,8,25.8,8,2023,12,15,1977,2024-12-15
88506,鹿児島県,内之浦（ウチノウラ）,,2024,12,15,14,0,13.1,4,13,6,4,-2.4,0.6,99.0,0.0,,,0,36.3,5,2024,8,8,37.2,8,2004,7,29,26.3,8,2023,12,15,1977,2024-12-15
88536,鹿児島県,田代（タシロ）,,2024,12,15,14,0,11.2,4,13,38,4,-2.3,0.2,99.0,0.0,,,0,36.1,5,2024,8,15,36.1,8,2024,8,15,24.1,8,2023,12,15,1977,2024-12-15
88612,鹿児島県,種子島（タネガシマ）,47837.0,2024,12,15,14,0,12.7,4,11,40,4,-3.8,0.0,99.0,0.0,,,0,35.6,5,2024,8,4,35.9,8,1951,8,8,27.2,8,1952,12,1,1948,2024-12-15
88621,鹿児島県,中種子（ナカタネ）,,2024,12,15,14,0,12.2,4,11,44,4,-2.6,1.3,99.0,0.0,,,0,32.7,5,2024,8,4,33.2,8,2020,8,18,25.2,8,2018,12,4,2006,2024-12-15
88666,鹿児島県,上中（カミナカ）,,2024,12,15,14,0,11.4,4,12,16,4,-4.3,-0.6,99.0,0.0,,,0,35.7,5,2024,8,10,35.7,8,2024,8,10,25.0,8,2018,12,3,1977,2024-12-15
88686,鹿児島県,屋久島（ヤクシマ）,47836.0,2024,12,15,14,0,12.5,4,13,46,4,-4.2,-0.9,99.0,0.0,,,0,34.6,5,2024,6,23,35.4,8,2016,8,16,26.6,8,2018,12,4,1937,2024-12-15
88706,鹿児島県,尾之間（オノアイダ）,,2024,12,15,14,0,15.8,4,12,57,4,-2.1,0.7,1.0,3.0,,,0,35.7,5,2024,8,10,35.7,8,2024,8,10,25.9,8,2018,12,3,1977,2024-12-15
88736,鹿児島県,中之島（ナカノシマ）,,2024,12,15,14,0,13.3,4,12,34,4,-2.9,0.8,99.0,0.0,,,0,34.0,5,2024,8,10,35.2,8,2020,8,18,23.9,8,2023,12,15,2002,2024-12-15
88821,鹿児島県,笠利（カサリ）,,2024,12,15,14,0,18.6,4,13,16,4,-1.2,2.0,12.0,3.0,,,0,34.9,5,2024,7,15,35.4,8,2022,7,21,26.8,8,2023,12,11,2003,2024-12-15
88837,鹿児島県,名瀬（ナゼ）,47909.0,2024,12,15,14,0,17.4,4,12,6,4,-2.2,-0.1,1.0,3.0,,,0,36.0,5,2024,7,10,37.3,8,1960,7,9,28.6,8,2018,12,4,1896,2024-12-15
88851,鹿児島県,喜界島（キカイジマ）,,2024,12,15,14,0,18.4,4,13,39,4,-1.9,0.4,1.0,2.0,,,0,34.7,5,2024,7,16,36.9,8,2016,8,21,27.2,8,2016,12,4,2000,2024-12-15
88901,鹿児島県,古仁屋（コニヤ）,,2024,12,15,14,0,17.7,4,13,50,4,-2.3,-0.3,1.0,3.0,,,0,35.2,5,2024,8,4,35.2,8,2024,8,4,27.0,8,2018,12,4,1977,2024-12-15
88931,鹿児島県,天城（アマギ）,,2024,12,15,14,0,19.1,4,12,13,4,-1.1,0.0,12.0,3.0,,,0,35.9,5,2024,7,20,35.9,8,2024,7,20,27.2,8,2018,12,4,2003,2024-12-15
88956,鹿児島県,伊仙（イセン）,,2024,12,15,14,0,18.2,4,13,58,4,-1.8,-0.6,1.0,2.0,,,0,35.8,5,2024,8,12,35.8,8,2024,8,12,27.0,8,2018,12,4,1977,2024-12-15
88971,鹿児島県,沖永良部（オキノエラブ）,47942.0,2024,12,15,14,0,18.4,4,11,55,4,-2.2,0.6,1.0,3.0,,,0,34.3,5,2024,7,10,34.9,8,1980,7,31,27.1,8,2018,12,4,1969,2024-12-15
88986,鹿児島県,与論島（ヨロンジマ）,,2024,12,15,14,0,19.1,4,11,44,4,-1.9,0.8,1.0,2.0,,,0,34.9,5,2024,7,21,34.9,8,2024,7,21,27.5,8,2018,12,4,2000,2024-12-15
91011,沖縄県,伊是名（イゼナ）,,2024,12,15,14,0,18.7,4,12,4,4,-2.2,0.8,1.0,3.0,,,0,35.6,5,2024,7,20,36.0,8,2017,7,30,29.3,8,2018,12,4,1977,2024-12-15
91021,沖縄県,奥（オク）,,2024,12,15,14,0,16.8,4,12,57,4,-2.3,1.1,99.0,0.0,,,0,34.3,5,2024,7,15,34.3,8,2024,7,15,26.6,8,2018,12,4,1977,2024-12-15
91107,沖縄県,名護（ナゴ）,47940.0,2024,12,15,14,0,19.2,4,13,1,4,-2.0,1.2,1.0,2.0,,,0,35.0,5,2024,7,21,35.1,8,2009,8,3,28.2,8,2018,12,4,1966,2024-12-15
91141,沖縄県,北原（キタハラ）,,2024,12,15,14,0,19.7,4,13,16,4,-1.7,1.1,1.0,1.0,,,0,35.4,5,2024,7,21,35.4,8,2024,7,21,28.2,8,2018,12,4,2003,2024-12-15
91146,沖縄県,久米島（クメジマ）,47929.0,2024,12,15,14,0,19.1,4,13,13,4,-2.3,0.8,1.0,3.0,,,0,35.3,5,2024,8,2,35.3,8,2024,8,2,29.4,8,2018,12,4,1958,2024-12-15
91166,沖縄県,宮城島（ミヤギジマ）,,2024,12,15,14,0,18.8,4,13,0,4,-1.8,0.7,1.0,2.0,,,0,34.8,5,2024,8,10,35.6,8,2017,8,16,28.3,8,2018,12,4,2007,2024-12-15
91181,沖縄県,渡嘉敷（トカシキ）,,2024,12,15,14,0,16.7,4,14,0,4,-2.8,-0.4,99.0,0.0,,,0,32.9,5,2024,7,31,32.9,8,2024,7,31,26.8,8,2018,12,4,1977,2024-12-15
91197,沖縄県,那覇（ナハ）,47936.0,2024,12,15,14,0,19.2,4,11,17,4,-2.3,0.4,99.0,0.0,,,0,36.0,5,2024,7,19,36.0,8,2024,7,19,29.4,8,2018,12,4,1890,2024-12-15
91236,沖縄県,安次嶺（アシミネ）,,2024,12,15,14,0,20.2,4,11,8,4,-1.7,1.0,1.0,1.0,,,0,35.7,5,2024,7,15,35.7,8,2024,7,15,29.0,8,2018,12,4,2003,2024-12-15
91241,沖縄県,糸数（イトカズ）,,2024,12,15,14,0,17.6,4,12,42,4,-2.6,1.0,99.0,0.0,,,0,34.1,5,2024,8,1,36.1,8,2013,8,7,26.6,8,2018,12,4,1977,2024-12-15
92006,沖縄県,北大東（キタダイトウ）,,2024,12,15,14,0,20.9,4,12,56,4,-1.6,-0.1,1.0,2.0,,,0,35.1,5,2024,8,16,35.1,8,2024,8,16,28.3,8,2016,12,5,2003,2024-12-15
92011,沖縄県,南大東（ミナミダイトウ）（南大東島（ミナミダイトウジマ））,47945.0,2024,12,15,14,0,22.6,4,13,1,4,0.0,1.8,12.0,2.0,,,0,34.7,5,2024,7,13,35.3,8,1991,7,12,28.3,8,2018,12,4,1942,2024-12-15
92012,沖縄県,旧東（キュウトウ）,,2024,12,15,14,0,21.3,4,12,54,4,-1.0,0.7,12.0,3.0,,,0,34.3,5,2024,8,13,34.3,8,2024,8,13,28.1,8,2016,12,5,2003,2024-12-15
93012,沖縄県,下地島（シモジシマ）,,2024,12,15,14,0,21.0,4,11,37,4,-1.8,0.8,1.0,3.0,,,0,35.1,5,2024,7,20,36.1,8,2016,7,5,28.8,8,2018,12,4,2003,2024-12-15
93041,沖縄県,宮古島（ミヤコジマ）,47927.0,2024,12,15,14,0,20.2,4,12,19,4,-2.1,0.3,1.0,3.0,,,0,34.8,5,2024,7,20,35.3,8,1971,7,16,28.8,8,2018,12,4,1937,2024-12-15
93042,沖縄県,鏡原（カガミハラ）,,2024,12,15,14,0,20.9,4,13,38,4,-1.6,1.8,1.0,2.0,,,0,35.1,5,2024,7,20,35.3,8,2022,7,26,29.8,8,2018,12,4,2003,2024-12-15
93062,沖縄県,仲筋（ナカスジ）,,2024,12,15,14,0,20.6,4,11,48,4,-2.2,0.2,99.0,0.0,,,0,35.2,5,2024,7,22,35.4,8,2009,8,2,29.2,8,2018,12,4,2003,2024-12-15
94001,沖縄県,伊原間（イバルマ）,,2024,12,15,14,0,20.4,4,12,0,4,-2.2,0.8,99.0,0.0,,,0,34.8,5,2024,7,19,36.1,8,2012,7,8,28.6,8,2022,12,3,1977,2024-12-15
94011,沖縄県,所野（トコロノ）,,2024,12,15,14,0,18.4,4,8,7,4,-4.0,-1.1,99.0,0.0,,,0,34.8,5,2024,7,22,35.2,8,2020,7,23,28.3,8,2018,12,4,2003,2024-12-15
94017,沖縄県,与那国島（ヨナグニジマ）,47912.0,2024,12,15,14,0,17.9,4,1,40,4,-4.3,-0.8,99.0,0.0,,,0,34.6,5,2024,9,5,35.5,8,2020,7,23,28.0,8,2018,12,3,1956,2024-12-15
94062,沖縄県,西表島（イリオモテジマ）,47917.0,2024,12,15,14,0,18.7,4,12,32,4,-3.8,-0.4,99.0,0.0,,,0,35.9,5,2024,7,20,35.9,8,2024,7,20,29.4,8,2018,12,3,1954,2024-12-15
94081,沖縄県,石垣島（イシガキジマ）,47918.0,2024,12,15,14,0,20.9,4,11,31,4,-2.1,1.7,99.0,0.0,,,0,35.5,5,2024,7,21,35.6,8,2017,8,20,29.0,8,1899,12,18,1896,2024-12-15
94086,沖縄県,盛山（モリヤマ）,,2024,12,15,14,0,20.4,4,11,54,4,-2.4,1.2,,,,,0,35.0,5,2024,7,21,35.1,8,2022,8,24,29.4,8,2018,12,6,2013,2024-12-15
94101,沖縄県,大原（オオハラ）,,2024,12,15,14,0,19.7,4,11,59,4,-3.0,1.3,99.0,0.0,,,0,35.3,5,2024,7,20,35.7,8,2003,7,24,28.4,8,2018,12,4,1978,2024-12-15
94116,沖縄県,波照間（ハテルマ）,,2024,12,15,14,0,19.8,4,12,23,4,-3.2,0.3,99.0,0.0,,,0,35.3,5,2024,7,18,35.7,8,2009,8,5,29.7,8,2018,12,4,1979,2024-12-15
